209,0001
210,0002
211,0003
1,0003
2,0004
3,0004
4,0004
5,0005
6,0005
7,0005
8,0005
212,0006
213,0007
214,0007
215,0008
216,0008
217,0009
218,0010
1,0011
2,0011
3,0011
4,0011
5,0012
6,0012
7,0012
8,0013
219,0013
220,0015
221,0018
222,0018
223,0019
224,0019
225,0023
226,0024
227,0024
228,0025
229,0025
230,0026
231,0027
232,0028
233,0030
234,0030
235,0073
236,0074
237,0074
238,0074
239,0074
240,0075
241,0075
242,0077
243,0079
244,0080
245,0081
246,0084
247,0121
248,0122
249,0124
250,0125
251,0126
252,0126
253,0128
254,0132
255,0132
256,0133
257,0134
258,0135
259,0136
260,0137
261,0137
262,0138
263,0139
264,0140
265,0140
266,0140
267,0140
268,0140
269,0141
270,0141
271,0142
272,0143
273,0209
274,0210
275,0211
276,0212
277,0213
278,0214
279,0215
280,0216
281,0217
282,0217
283,0218
284,0218
285,0219
286,0220
287,0220
288,0221
289,0222
290,0223
291,0225
292,0226
293,0229
294,0232
295,0232
296,0236
297,0236
298,0243
299,0250
300,0254
301,0369
302,0370
303,0371
304,0372
305,0373
306,0375
307,0376
308,0376
309,0378
310,0379
311,0380
312,0382
313,0382
314,0383
315,0384
316,0386
317,0386
318,0388
319,0388
320,0391
321,0391
322,0392
323,0392
324,0393
325,0393
326,0394
327,0394
328,0396
329,0398
330,0399
