577,0001
578,0002
579,0002
580,0003
581,0003
582,0004
583,0004
584,0004
585,0004
586,0006
587,0006
588,0007
589,0007
590,0008
591,0008
592,0009
593,0010
594,0010
595,0010
596,0011
597,0011
588,0011
599,0012
600,0012
601,0012
602,0013
603,0014
604,0015
605,0015
606,0016
607,0016
608,0016
609,0017
610,0017
611,0017
612,0018
613,0018
614,0019
615,0020
606,0021
617,0022
618,0022
619,0023
620,0024
621,0025
622,0025
623,0026
624,0026
625,0027
626,0027
627,0027
628,0028
629,0029
630,0030
631,0030
632,0030
633,0031
638,0031
635,0032
636,0032
637,0032
638,0033
639,0033
640,0033
641,0034
642,0034
643,0036
644,0036
645,0037
646,0039
647,0040
648,0040
649,0042
650,0042
651,0042
652,0042
653,0043
654,0043
655,0043
656,0043
657,0044
658,0044
659,0045
660,0045
661,0046
662,0047
663,0047
664,0047
665,0048
666,0048
667,0048
668,0048
669,0049
670,0049
671,0050
672,0050
673,0051
674,0051
675,0053
676,0053
677,0054
678,0055
679,0055
680,0055
681,0056
682,0056
683,0057
684,0057
685,0058
686,0059
687,0059
688,0059
689,0060
690,0060
691,0060
692,0061
693,0061
694,0062
695,0062
696,0062
697,0062
698,0063
699,0063
700,0063
701,0064
702,0064
703,0064
704,0065
705,0066
706,0066
707,0066
708,0066
709,0067
710,0067
711,0068
702,0068
713,0069
714,0070
715,0070
716,0071
717,0071
718,0072
719,0073
720,0074
721,0074
722,0074
723,0074
724,0075
725,0075
726,0075
727,0076
728,0076
729,0076
730,0077
731,0077
732,0077
733,0078
734,0078
735,0079
736,0079
737,0080
738,0080
739,0081
740,0081
741,0081
742,0082
743,0083
748,0084
745,0084
746,0084
747,0085
748,0085
749,0085
750,0086
751,0086
752,0087
753,0087
754,0087
755,0087
756,0087
757,0087
758,0088
759,0088
760,0088
761,0088
762,0088
763,0089
764,0089
765,0090
766,0090
767,0092
768,0092
769,0093
770,0094
771,0095
772,0096
773,0097
774,0097
775,0097
776,0097
777,0098
778,0098
779,0098
780,0098
781,0099
782,0099
783,0100
784,0100
785,0101
786,0102
787,0103
788,0103
789,0104
790,0104
791,0104
792,0105
793,0105
794,0105
795,0106
796,0106
797,0106
798,0107
799,0108
800,0109
801,0109
802,0109
803,0110
804,0110
805,0110
806,0111
807,0111
808,0112
809,0113
810,0113
811,0114
812,0114
813,0114
814,0115
815,0116
816,0117
817,0117
818,0118
809,0119
820,0120
821,0120
822,0121
803,0122
824,0123
825,0124
826,0125
827,0125
828,0126
829,0128
830,0129
831,0130
832,0130
833,0131
834,0131
835,0133
836,0135
837,0136
838,0136
839,0137
840,0137
841,0137
842,0138
843,0138
844,0138
845,0139
846,0139
847,0139
848,0140
849,0140
850,0140
851,0141
852,0142
853,0142
854,0143
855,0144
856,0145
857,0146
858,0146
859,0146
860,0147
861,0147
862,0148
863,0148
864,0149
865,0149
866,0149
867,0150
868,0151
869,0151
870,0152
871,0152
872,0152
873,0152
874,0153
875,0153
876,0155
877,0155
878,0155
879,0156
880,0156
881,0156
882,0157
883,0157
884,0158
885,0158
826,0158
887,0159
888,0160
889,0160
890,0160
891,0161
892,0161
893,0161
894,0162
895,0162
896,0162
897,0163
898,0163
899,0163
900,0164
901,0164
902,0164
903,0165
904,0165
905,0165
906,0165
907,0166
908,0166
909,0166
910,0167
911,0167
912,0168
903,0168
914,0169
915,0169
916,0169
917,0170
918,0170
919,0171
920,0171
921,0171
922,0172
923,0173
924,0173
925,0174
926,0174
927,0175
928,0175
929,0176
930,0176
931,0177
932,0178
933,0178
934,0178
935,0179
936,0179
937,0180
938,0180
939,0181
940,0181
941,0181
942,0182
943,0182
944,0183
945,0183
946,0184
947,0185
948,0185
949,0185
950,0185
951,0186
952,0186
953,0186
954,0187
955,0187
956,0187
957,0188
958,0188
959,0188
960,0189
961,0189
962,0189
963,0190
964,0190
965,0190
966,0190
967,0191
968,0191
969,0191
970,0192
970,0193
972,0193
973,0193
974,0194
975,0194
976,0194
977,0195
978,0195
979,0196
980,0196
981,0196
982,0197
983,0198
984,0199
985,0199
986,0200
987,0201
988,0201
989,0202
990,0203
991,0203
992,0204
993,0204
994,0205
995,0205
996,0205
997,0205
998,0205
999,0205
100,0206
1001,0206
1002,0206
1003,0206
1004,0207
1005,0207
1006,0207
1007,0208
1008,0208
1009,0208
1010,0208
1011,0209
1012,0209
1013,0209
1014,0210
1015,0211
1016,0213
1017,0213
1018,0214
1019,0215
1020,0215
1021,0215
1022,0215
1023,0216
1024,0217
1025,0217
1026,0218
1027,0218
1028,0219
1029,0219
1030,0219
1031,0220
1032,0220
1033,0221
1034,0221
1035,0221
1036,0222
1037,0222
1038,0223
1039,0223
1040,0224
1041,0225
1042,0225
1043,0226
1044,0227
1045,0228
1046,0228
1047,0229
1048,0229
1049,0230
1050,0230
1051,0231
1052,0231
1053,0232
1054,0233
1055,0233
1056,0233
1057,0234
1058,0235
1059,0235
1060,0236
1061,0237
1062,0238
1063,0239
1064,0239
1065,0239
1066,0239
1067,0239
1068,0240
1069,0240
1070,0241
1071,0241
1072,0243
1073,0243
1074,0243
1075,0243
1076,0244
1077,0244
1078,0245
1079,0245
1080,0245
1081,0246
1082,0246
1083,0246
1084,0248
1085,0248
1086,0248
1087,0248
1088,0249
1089,0249
1090,0250
1091,0251
1092,0251
1093,0252
1094,0253
1095,0254
1096,0254
1097,0255
1098,0255
1099,0255
1100,0256
1101,0256
1102,0257
1103,0257
1104,0257
1105,0258
1106,0258
1107,0259
1108,0259
1109,0259
1110,0260
1111,0260
1112,0260
113,0261
1114,0262
1115,0262
1116,0263
1117,0263
1118,0264
1119,0264
1120,0265
1121,0266
1122,0266
1123,0267
1124,0268
1125,0268
1126,0268
1127,0268
1128,0269
1129,0269
1130,0269
1131,0269
1132,0270
1133,0270
1134,0270
1135,0271
1136,0271
1137,0271
1138,0272
1139,0272
1140,0272
1141,0273
1142,0273
1143,0274
1144,0275
1145,0275
1146,0275
1147,0276
1148,0276
1149,0277
1150,0278
1151,0278
1152,0279
1153,0280
1154,0280
1155,0281
1156,0281
1157,0281
1158,0281
1159,0281
1160,0281
1161,0281
1162,0282
1163,0282
1164,0282
1165,0282
1166,0282
1167,0282
1168,0283
1169,0283
1170,0283
1171,0284
1172,0284
1173,0286
1174,0286
1175,0287
1176,0287
1177,0287
1178,0288
1179,0288
1180,0289
1181,0289
1182,0289
1183,0289
1184,0290
1175,0290
1186,0291
1187,0291
1188,0291
1189,0292
1190,0292
1191,0292
1192,0292
1193,0293
1194,0294
1195,0295
1196,0295
1197,0295
1198,0296
1199,0296
1200,0297
1201,0297
1202,0298
1203,0299
1204,0299
1205,0300
1206,0301
1207,0301
1208,0302
1209,0302
1210,0302
1211,0303
1212,0303
1213,0303
1214,0304
1215,0305
1206,0306
1217,0306
1218,0307
1219,0308
1220,0308
1221,0308
1222,0309
1223,0310
1224,0311
1225,0311
1226,0312
1227,0312
1228,0312
1229,0313
1230,0313
1231,0314
1232,0314
1233,0315
1234,0315
1235,0315
1236,0315
1237,0316
1238,0316
1239,0317
1240,0318
1241,0318
1242,0319
1243,0319
1244,0320
1245,0320
1246,0320
1247,0321
1248,0321
1249,0322
1250,0322
1251,0323
1252,0323
1253,0323
1254,0324
1255,0324
1256,0324
1257,0325
1258,0325
1259,0325
1260,0325
1261,0326
1262,0326
1263,0327
1264,0327
1265,0328
1266,0328
1267,0329
1268,0329
1269,0330
1270,0331
1271,0331
1272,0331
1273,0332
1274,0332
1275,0332
1276,0332
1277,0333
1278,0333
1279,0334
1280,0334
1281,0334
1282,0334
1283,0335
1284,0335
1285,0335
1286,0336
1287,0336
1288,0336
1289,0337
1290,0337
1291,0337
1292,0338
1293,0339
1294,0339
1295,0339
1296,0340
1297,0340
1298,0340
1299,0341
1300,0342
1301,0342
1302,0342
1303,0343
1304,0343
1305,0344
1306,0344
1307,0344
1308,0345
1309,0345
1310,0345
1311,0345
1312,0345
1313,0345
1314,0346
1315,0346
1316,0346
1317,0346
1318,0346
1319,0347
1320,0348
1321,0350
1322,0351
1323,0351
1324,0352
1325,0352
1326,0353
1327,0353
1328,0354
1329,0354
1330,0354
1331,0355
1332,0355
1333,0356
1334,0356
1335,0356
1336,0357
1337,0358
1338,0358
1339,0359
1340,0359
1341,0359
1342,0359
1343,0360
1344,0361
1345,0361
1346,0362
1347,0362
1348,0363
1349,0363
1340,0364
1351,0364
1352,0364
1353,0365
1354,0365
1355,0366
1356,0366
1357,0367
1358,0367
1359,0368
1360,0368
1361,0369
1362,0369
1363,0369
1364,0370
1365,0370
1366,0371
1367,0371
1368,0372
1369,0372
1370,0373
1371,0373
1372,0374
1373,0375
1374,0376
1375,0377
1376,0377
1377,0377
1378,0378
1379,0378
1380,0379
1381,0380
1382,0380
1383,0381
1384,0382
1385,0382
1356,0382
1387,0383
1388,0384
1389,0385
1390,0385
1391,0386
1392,0386
1393,0386
1394,0386
1395,0387
1396,0388
1397,0388
1398,0388
1399,0389
1400,0389
1401,0389
1402,0389
1403,0390
1404,0390
1405,0390
1406,0390
1407,0391
1408,0391
1410,0391
1401,0391
1411,0391
1412,0392
1413,0392
1414,0392
1815,0392
1416,0393
1417,0393
1418,0394
1419,0394
1420,0394
1421,0394
1422,0395
1423,0396
1424,0396
1425,0396
1426,0397
1427,0397
1428,0397
1429,0398
1430,0399
1431,0399
1432,0400
1433,0400
1437,0401
1435,0401
1436,0401
1437,0402
1438,0402
1439,0402
1440,0403
1441,0403
1442,0403
1443,0404
1444,0404
1445,0404
1446,0404
1447,0405
1448,0405
1449,0405
1450,0406
1451,0406
1452,0406
1453,0406
1454,0407
1455,0407
1456,0407
1457,0407
1457,0407
1458,0408
1459,0408
1460,0408
1461,0408
1462,0409
1463,0409
1464,0409
1465,0410
1466,0410
1467,0410
1467,0410
1469,0411
1470,0411
1471,0411
1472,0411
1473,0412
1474,0412
1475,0412
1476,0413
1477,0414
1478,0415
1479,0415
1480,0416
1481,0417
1482,0417
1483,0418
1484,0419
1485,0419
1486,0420
1487,0420
1488,0420
1889,0421
1490,0421
1491,0421
1492,0422
1493,0422
1494,0422
1495,0423
1496,0423
1497,0424
1498,0425
1499,0425
1500,0425
1501,0426
1502,0426
1502,0426
1504,0426
1505,0427
1506,0428
1507,0428
1508,0429
1509,0429
1510,0430
1511,0431
1512,0431
1513,0431
1514,0432
1515,0432
1516,0433
1517,0433
1518,0433
1519,0434
1520,0434
1521,0435
1522,0436
1523,0436
1524,0437
1525,0437
1526,0437
1527,0437
1528,0437
1529,0438
1530,0438
1531,0438
1532,0438
1533,0438
1534,0438
1535,0439
1536,0439
1537,0439
1538,0439
1539,0440
1540,0441
1541,0442
1542,0442
1543,0442
1544,0443
1545,0443
1546,0443
1547,0443
1548,0444
1549,0444
1550,0444
1551,0444
1552,0445
1553,0445
1554,0445
1555,0446
1556,0446
1557,0446
1558,0446
1559,0447
1560,0447
1561,0447
1562,0447
1563,0448
1563,0448
1565,0448
1566,0449
1567,0450
1568,0450
1569,0450
1570,0451
1571,0451
1572,0452
1577,0453
1574,0454
1575,0454
1576,0455
1577,0455
1578,0456
1579,0456
1580,0457
1581,0458
1582,0458
1583,0459
1584,0459
1585,0459
1586,0460
1587,0460
1588,0460
1589,0461
1590,0461
1591,0461
1592,0462
1593,0462
1594,0463
1595,0464
1596,0464
1597,0465
1598,0465
1599,0466
1600,0467
1601,0467
1602,0468
1603,0469
1604,0469
1605,0469
1606,0470
1607,0470
1608,0470
1609,0471
1610,0471
1611,0471
1602,0472
1613,0472
1614,0473
1615,0473
1606,0474
1617,0474
1618,0474
1619,0474
1620,0474
1621,0474
1622,0475
1623,0475
1628,0475
1625,0476
1626,0476
1627,0478
1628,0478
1629,0479
1630,0479
1631,0479
1632,0480
1633,0480
1634,0480
1635,0481
1636,0481
1637,0481
1638,0482
1639,0482
1640,0482
1641,0483
1642,0483
1643,0484
1644,0484
1645,0484
1646,0484
1647,0485
1648,0485
1649,0486
1650,0487
1651,0487
1652,0488
1653,0489
1654,0489
1655,0489
1656,0490
1657,0491
1658,0491
1659,0491
1660,0491
1661,0492
1663,0493
1664,0493
1665,0493
1666,0494
1667,0495
1668,0495
1669,0495
1670,0495
1671,0496
1672,0496
1673,0496
1674,0497
1675,0497
1677,0497
1677,0497
1678,0498
1679,0498
1680,0498
1681,0498
1682,0499
1683,0499
1684,0499
1685,0499
1681,0500
1687,0501
1688,0501
1689,0501
1690,0501
1691,0502
1692,0502
1693,0502
1694,0503
1695,0504
1696,0505
1697,0505
1698,0505
1699,0505
1700,0506
1700,0506
1702,0506
1703,0507
1704,0508
1705,0508
1706,0508
1707,0508
1708,0509
1709,0509
1710,0510
1711,0510
1702,0511
1713,0511
1714,0512
1715,0512
1716,0513
1717,0514
1718,0514
1719,0515
1720,0516
1721,0516
1722,0516
1723,0517
1724,0517
1725,0517
1726,0517
1727,0518
1728,0518
1729,0518
1730,0519
1731,0519
1732,0519
1733,0520
1734,0520
1735,0521
1736,0521
1737,0521
1738,0522
1739,0523
1740,0523
1741,0523
1742,0524
1743,0524
1744,0524
1745,0524
1746,0526
1747,0526
1748,0526
1749,0527
1750,0527
1751,0528
1752,0528
1753,0529
1754,0529
1755,0529
1756,0529
1757,0529
1758,0530
1759,0530
1760,0530
1761,0530
1762,0530
1763,0531
1764,0531
1765,0531
1766,0532
1767,0532
1768,0534
1769,0534
1770,0535
1771,0536
1772,0537
1773,0537
1774,0538
1775,0538
1776,0538
1777,0539
1778,0540
1779,0541
1780,0541
1781,0542
1782,0542
1783,0543
1784,0543
1785,0544
1786,0545
1787,0545
1788,0546
1789,0546
1790,0546
1791,0546
1792,0547
1793,0547
1794,0547
1795,0548
1796,0549
1797,0549
1748,0549
1799,0549
1800,0550
1801,0550
1802,0550
1803,0551
1804,0551
1805,0551
1806,0552
1807,0552
1808,0552
1809,0553
1810,0553
1811,0553
1812,0554
1813,0554
1818,0555
1815,0555
1816,0555
1817,0556
1818,0556
1819,0556
1820,0557
1821,0557
1822,0557
1823,0558
1824,0558
1825,0558
1826,0559
1827,0559
1828,0559
1829,0560
1830,0560
1831,0561
1832,0561
1833,0561
1834,0561
1835,0562
1836,0562
1837,0562
1838,0563
1839,0563
1840,0564
1841,0564
1842,0564
1843,0565
1844,0565
1845,0565
1846,0565
1847,0566
1848,0566
1849,0567
1850,0567
1851,0567
1852,0568
1853,0568
1854,0568
1855,0569
1856,0569
1857,0569
1858,0570
1859,0570
1860,0570
1861,0571
1862,0571
1863,0571
1864,0572
1865,0572
1866,0572
1867,0573
1868,0573
1869,0573
1870,0573
1871,0573
1872,0573
1873,0573
1874,0574
1875,0574
1876,0574
1877,0574
1878,0574
1879,0574
1880,0574
1881,0575
1882,0575
1883,0575
1884,0575
1885,0575
1886,0576
1887,0577
1888,0579
1889,0579
1890,0580
1891,0580
1892,0581
1893,0581
1894,0582
1895,0582
1896,0583
1897,0584
1898,0585
1899,0586
1900,0586
1901,0587
1902,0588
1903,0588
1904,0588
1905,0589
1906,0589
1907,0590
1908,0591
1909,0592
1910,0592
1911,0593
1912,0593
1913,0593
1914,0594
1915,0594
1916,0594
1917,0596
1918,0596
1919,0597
1920,0598
1921,0598
1922,0599
1923,0599
1924,0600
1925,0601
1926,0601
1927,0601
1928,0602
1929,0603
1930,0603
1931,0604
1932,0604
1933,0605
1934,0605
1935,0606
1936,0606
1937,0607
1938,0607
1939,0607
1940,0608
1941,0608
1942,0608
1943,0608
1944,0609
1945,0609
1946,0610
1947,0612
1988,0612
1949,0612
1950,0613
1951,0614
1952,0614
1953,0614
1954,0615
1955,0615
1956,0615
1957,0616
1958,0616
1959,0616
1960,0616
1961,0617
1962,0617
1963,0617
1964,0617
1965,0618
1911,0618
1967,0618
1968,0619
1969,0619
1970,0620
1971,0620
1972,0620
1973,0621
1974,0621
1975,0622
1976,0622
1977,0623
1978,0624
1979,0624
1980,0624
1981,0625
1982,0626
1983,0627
1984,0627
1985,0628
1986,0629
1987,0629
1988,0629
1989,0630
1990,0630
1991,0631
1992,0631
1993,0631
1994,0632
1995,0632
1996,0632
1997,0633
1998,0633
1999,0633
2000,0634
2001,0634
2002,0635
2003,0635
2004,0635
2005,0636
2006,0636
2007,0637
2008,0637
2009,0637
2010,0638
2011,0638
2012,0638
2013,0639
2014,0639
2015,0640
2016,0640
2017,0640
2018,0641
2019,0641
2020,0641
2021,0642
2022,0642
2023,0642
2024,0643
2025,0643
2026,0643
2027,0643
2028,0643
2029,0644
2030,0644
2031,0644
2032,0645
2033,0646
2034,0646
2035,0647
2036,0647
2037,0647
2038,0648
2039,0648
2040,0649
2041,0650
2042,0650
2043,0650
2044,0651
2045,0652
2046,0652
2045,0653
2048,0653
2049,0654
2050,0654
2051,0654
2052,0654
2053,0655
2054,0655
2055,0655
2056,0655
2057,0656
2058,0656
2059,0656
2060,0657
2061,0657
2062,0658
2063,0658
2064,0658
2065,0659
2066,0659
2067,0659
2068,0660
2069,0660
2070,0661
2071,0661
2072,0662
2073,0663
2074,0663
2075,0663
2076,0664
2077,0665
2078,0666
2079,0667
2080,0668
2081,0669
2082,0670
2083,0670
2084,0671
2085,0671
2086,0672
2087,0672
2088,0673
2089,0673
2090,0674
2091,0675
2092,0675
2093,0676
2094,0676
2095,0677
2096,0677
2097,0677
2098,0678
2099,0678
2100,0679
2101,0679
2102,0679
2103,0680
2104,0680
2105,0680
2106,0680
2107,0681
2108,0681
2109,0681
2110,0682
2111,0683
2112,0683
2113,0683
2114,0684
2115,0685
2116,0686
2117,0686
2118,0687
2119,0687
2120,0687
2121,0688
2122,0688
2123,0688
2124,0688
2125,0689
2126,0689
2127,0691
2128,0691
2029,0692
2130,0692
2131,0692
2132,0693
2133,0693
2134,0693
2135,0694
2136,0694
2037,0694
2138,0695
2039,0695
2140,0695
2141,0696
2142,0697
2143,0697
2144,0697
2145,0698
2146,0699
2147,0700
2148,0701
2149,0701
2150,0702
2151,0703
2152,0703
2153,0704
2154,0704
2155,0705
2156,0705
2157,0706
2158,0706
2159,0706
2160,0707
2161,0707
2162,0707
2163,0708
2164,0708
2165,0709
2166,0709
2167,0709
2168,0710
2169,0710
2170,0710
2171,0710
2172,0711
2173,0711
2174,0712
2175,0713
2176,0715
2177,0719
2178,0723
2179,0723
2180,0724
2181,0724
2182,0725
2183,0725
2188,0726
2185,0726
2186,0727
2187,0728
2188,0729
2189,0729
2190,0729
2191,0730
2092,0731
2193,0732
2194,0732
2195,0733
2196,0734
2197,0735
2198,0737
2199,0737
2200,0738
2201,0738
2202,0738
2203,0740
2204,0740
2205,0741
2206,0741
2207,0742
2208,0743
2209,0743
2210,0743
2211,0744
2212,0745
2213,0746
2214,0746
2215,0746
2216,0747
2217,0747
2218,0748
2209,0748
2220,0749
2221,0749
2222,0750
2223,0750
2224,0750
2225,0751
2226,0751
2227,0752
2228,0752
2229,0753
2230,0753
2230,0754
2232,0754
2233,0755
2234,0755
2235,0756
2236,0757
2237,0757
2238,0757
2239,0758
2240,0759
2241,0759
2242,0760
2243,0761
2244,0761
2245,0761
2246,0763
2287,0763
2248,0764
2249,0764
2250,0764
2251,0765
2252,0765
2253,0766
2254,0766
2255,0767
2256,0768
2257,0769
2258,0770
2259,0770
2260,0771
2261,0772
2262,0772
2263,0773
2268,0773
2265,0774
2266,0774
2267,0774
2268,0775
