1,0001
2,0001
3,0002
4,0002
5,0002
6,0003
7,0003
8,0003
9,0003
10,0003
11,0004
12,0004
13,0005
14,0005
15,0006
16,0006
17,0007
18,0007
19,0007
20,0007
21,0007
22,0008
23,0008
24,0008
25,0008
26,0008
27,0008
28,0009
29,0009
30,0009
31,0009
32,0010
33,0010
34,0010
35,0011
36,0011
37,0012
38,0012
39,0012
40,0012
41,0012
42,0013
43,0013
44,0013
45,0014
46,0014
47,0015
48,0015
49,0015
50,0015
51,0016
52,0016
53,0016
54,0017
55,0017
56,0018
57,0018
58,0019
59,0019
60,0019
61,0019
62,0019
63,0020
64,0020
65,0020
66,0020
67,0020
68,0020
69,0020
70,0020
71,0021
72,0021
73,0021
74,0021
75,0022
76,0022
77,0022
78,0022
79,0023
80,0023
81,0023
82,0024
83,0024
84,0024
85,0025
86,0025
87,0026
88,0026
89,0027
90,0027
91,0028
92,0028
93,0028
94,0029
95,0029
96,0029
97,0030
98,0030
99,0031
100,0031
101,0031
102,0031
103,0032
104,0032
105,0033
106,0033
107,0033
108,0033
109,0034
110,0034
111,0035
112,0035
113,0036
114,0036
115,0037
116,0037
117,0037
118,0038
119,0038
120,0038
121,0039
122,0039
123,0039
124,0040
125,0040
126,0040
127,0040
128,0040
129,0040
130,0041
131,0041
132,0041
133,0041
134,0041
135,0041
136,0041
137,0042
138,0042
139,0042
140,0042
141,0043
142,0043
143,0043
144,0043
145,0044
146,0044
147,0044
148,0044
149,0044
150,0045
151,0045
152,0045
153,0045
154,0045
155,0046
156,0046
157,0046
158,0046
159,0046
160,0047
161,0047
162,0047
163,0047
164,0047
165,0047
166,0048
167,0048
168,0048
169,0048
170,0048
171,0048
172,0048
173,0049
174,0049
175,0049
176,0049
177,0049
178,0049
179,0050
180,0050
181,0050
182,0050
183,0050
184,0050
185,0051
186,0051
187,0051
188,0051
189,0051
190,0051
191,0052
192,0052
193,0052
194,0052
195,0053
196,0053
197,0053
198,0053
199,0053
200,0054
201,0054
202,0054
203,0054
204,0055
205,0055
206,0055
207,0055
208,0055
209,0055
210,0055
211,0056
212,0056
213,0056
214,0056
215,0056
216,0056
217,0056
218,0057
219,0057
220,0057
221,0057
222,0057
223,0057
224,0058
225,0058
226,0058
227,0058
228,0058
229,0058
230,0059
231,0059
232,0059
233,0059
234,0059
235,0060
236,0060
237,0060
238,0060
239,0061
240,0061
241,0061
242,0061
243,0061
244,0061
245,0062
246,0062
247,0062
248,0062
249,0062
250,0063
251,0063
252,0063
253,0063
254,0063
255,0063
256,0064
257,0064
258,0064
259,0064
260,0065
261,0065
262,0066
263,0066
264,0067
265,0068
266,0068
267,0069
268,0069
269,0069
270,0069
271,0069
272,0069
273,0069
274,0070
275,0070
276,0070
277,0071
278,0071
279,0071
280,0071
281,0072
282,0072
283,0072
284,0073
285,0073
286,0073
287,0073
288,0074
289,0074
290,0075
291,0075
292,0076
293,0076
294,0076
295,0076
296,0076
297,0076
298,0077
299,0077
300,0078
301,0078
302,0079
303,0080
304,0080
305,0081
306,0081
307,0081
308,0081
309,0081
310,0081
311,0082
312,0082
313,0082
314,0082
315,0082
316,0082
317,0083
318,0083
319,0083
320,0083
321,0083
322,0083
323,0084
324,0084
325,0084
326,0084
327,0084
328,0085
329,0085
330,0085
331,0085
332,0085
333,0086
334,0086
335,0086
336,0086
337,0087
338,0088
339,0088
340,0088
341,0088
342,0089
343,0089
344,0089
345,0090
346,0090
347,0090
348,0091
349,0091
350,0092
351,0092
352,0092
353,0093
354,0094
355,0094
356,0094
357,0094
358,0095
359,0095
360,0096
361,0096
362,0096
363,0096
364,0097
365,0097
366,0097
367,0097
368,0097
369,0097
370,0098
371,0098
372,0098
373,0098
374,0098
375,0099
376,0099
377,0099
378,0099
379,0099
380,0099
381,0100
382,0100
383,0101
384,0101
385,0101
386,0101
387,0101
388,0102
389,0102
390,0102
391,0102
392,0102
393,0103
394,0103
395,0103
396,0104
397,0104
398,0104
399,0104
400,0104
401,0104
402,0104
403,0104
404,0105
405,0105
406,0105
407,0105
408,0105
409,0105
410,0106
411,0106
412,0106
413,0106
414,0106
415,0106
416,0107
417,0107
418,0107
419,0107
420,0107
421,0107
422,0107
423,0108
424,0108
425,0108
426,0109
427,0109
428,0109
429,0109
430,0109
431,0109
432,0110
433,0110
434,0110
435,0110
436,0110
437,0111
438,0111
439,0111
440,0111
441,0111
442,0111
443,0112
444,0112
445,0112
446,0112
447,0112
448,0112
449,0112
450,0113
451,0113
452,0113
453,0113
454,0113
455,0114
456,0114
457,0114
458,0114
459,0114
460,0114
461,0114
462,0114
463,0114
464,0115
465,0115
466,0115
467,0115
468,0116
469,0116
470,0116
471,0116
472,0116
473,0117
474,0117
475,0117
476,0117
477,0118
478,0118
479,0119
480,0119
481,0119
482,0121
483,0121
484,0121
485,0122
486,0122
487,0122
488,0122
489,0122
490,0123
491,0123
492,0123
493,0123
494,0123
495,0123
496,0123
497,0124
498,0124
499,0125
500,0125
501,0125
502,0127
503,0127
504,0127
505,0127
506,0128
507,0128
508,0128
509,0128
510,0128
511,0128
512,0129
513,0129
514,0130
515,0130
516,0130
517,0132
518,0132
519,0132
520,0132
1,0133
2,0133
3,0133
4,0134
5,0134
6,0134
7,0135
8,0135
9,0135
10,0135
11,0136
12,0136
13,0136
14,0136
15,0136
16,0137
17,0137
18,0137
19,0138
20,0139
21,0139
22,0140
23,0140
24,0140
25,0140
26,0141
27,0141
28,0141
29,0142
30,0142
31,0142
32,0143
33,0143
34,0143
35,0143
36,0144
37,0144
38,0144
39,0145
40,0145
41,0146
42,0146
43,0146
44,0146
45,0147
46,0147
47,0147
48,0147
49,0148
50,0148
51,0148
52,0148
53,0149
54,0149
55,0149
56,0149
57,0149
58,0150
59,0151
60,0151
61,0151
62,0151
63,0151
64,0151
65,0152
66,0152
67,0152
68,0152
69,0152
70,0152
71,0153
72,0153
73,0153
74,0153
75,0153
76,0153
77,0154
78,0154
79,0154
80,0154
81,0155
82,0155
83,0155
84,0155
85,0155
86,0156
87,0156
88,0156
89,0157
90,0157
91,0157
92,0157
93,0157
94,0158
95,0158
96,0158
97,0159
98,0159
99,0159
100,0159
101,0159
102,0159
103,0160
104,0160
105,0160
106,0160
107,0160
108,0161
109,0161
110,0161
111,0161
112,0161
113,0161
114,0162
115,0162
116,0162
117,0162
118,0162
119,0162
120,0163
121,0163
122,0163
123,0163
124,0164
125,0164
126,0164
127,0165
128,0165
129,0165
130,0165
131,0165
132,0166
133,0166
134,0167
135,0167
136,0167
137,0168
138,0168
139,0169
140,0169
141,0169
142,0169
143,0169
144,0169
145,0169
146,0170
147,0170
148,0170
149,0170
150,0170
151,0171
152,0171
153,0171
154,0171
155,0172
156,0172
157,0172
158,0172
159,0173
160,0173
161,0174
162,0174
163,0174
164,0174
165,0174
166,0175
167,0175
168,0175
169,0175
170,0175
171,0176
172,0176
173,0176
174,0176
175,0177
176,0177
177,0177
178,0177
179,0177
180,0178
181,0178
182,0178
183,0178
184,0178
185,0178
186,0178
187,0178
188,0178
189,0179
190,0179
191,0179
192,0179
193,0179
194,0179
195,0179
196,0179
197,0180
198,0180
199,0180
200,0180
201,0180
202,0180
203,0180
204,0181
205,0181
206,0181
207,0181
208,0181
209,0181
210,0181
211,0182
212,0182
213,0182
214,0182
215,0182
216,0182
217,0182
218,0182
219,0183
220,0183
221,0183
222,0183
223,0183
224,0184
225,0184
226,0184
227,0184
228,0184
229,0184
230,0185
231,0185
232,0185
233,0185
234,0185
235,0185
236,0185
237,0186
238,0186
239,0186
240,0186
241,0186
242,0187
243,0187
244,0187
245,0188
246,0188
247,0188
248,0188
249,0189
250,0189
251,0189
252,0190
253,0190
254,0190
255,0190
256,0191
257,0191
258,0191
259,0191
260,0191
261,0191
262,0192
263,0192
264,0192
265,0192
266,0193
267,0193
268,0193
269,0193
270,0194
271,0194
272,0194
273,0195
274,0195
275,0195
276,0195
277,0196
278,0196
279,0197
280,0197
281,0197
282,0198
283,0198
284,0198
285,0198
286,0199
287,0199
288,0199
289,0199
290,0200
291,0200
292,0200
293,0200
294,0201
295,0201
296,0201
297,0201
298,0202
299,0202
300,0202
301,0203
302,0203
303,0203
304,0203
305,0204
306,0204
307,0205
308,0205
309,0205
310,0205
311,0206
312,0206
313,0207
314,0207
315,0207
316,0207
317,0207
318,0207
319,0208
320,0208
321,0209
322,0209
323,0209
324,0210
325,0210
326,0210
327,0211
328,0211
329,0211
330,0212
331,0212
332,0212
333,0212
334,0213
335,0213
336,0213
337,0213
338,0214
339,0214
340,0214
341,0214
342,0214
343,0214
344,0214
345,0215
346,0215
347,0215
348,0215
349,0216
350,0216
351,0216
352,0216
353,0216
354,0216
355,0217
356,0217
357,0217
358,0217
359,0217
360,0218
361,0218
362,0219
363,0219
364,0219
365,0220
366,0220
367,0220
368,0220
369,0221
370,0221
371,0222
372,0223
373,0223
374,0223
375,0224
376,0224
377,0225
378,0225
379,0226
380,0226
381,0226
382,0227
383,0228
384,0228
385,0228
386,0228
387,0228
388,0229
389,0229
390,0230
391,0230
392,0230
393,0230
394,0231
395,0231
396,0232
397,0232
398,0233
399,0234
400,0234
401,0234
402,0235
403,0235
404,0235
405,0235
406,0235
407,0235
408,0236
409,0236
410,0236
411,0236
412,0236
413,0237
414,0237
415,0237
416,0237
417,0237
418,0237
419,0238
420,0238
421,0238
422,0238
423,0238
424,0238
425,0238
426,0238
427,0238
428,0238
429,0239
430,0239
431,0239
432,0239
433,0239
434,0239
435,0239
436,0239
437,0239
438,0239
439,0239
440,0239
441,0239
442,0239
443,0240
444,0240
445,0240
446,0240
447,0240
448,0240
449,0240
450,0240
451,0240
452,0240
453,0240
454,0241
455,0241
456,0241
457,0241
458,0241
459,0242
460,0242
461,0243
462,0243
463,0243
464,0243
465,0244
466,0244
467,0245
468,0245
469,0246
470,0246
471,0246
472,0246
473,0246
474,0246
475,0246
476,0246
477,0246
478,0246
479,0246
480,0247
481,0247
482,0247
483,0247
484,0247
485,0247
486,0247
487,0247
488,0247
489,0247
490,0247
491,0247
492,0247
493,0248
494,0248
495,0248
496,0248
497,0248
498,0248
499,0248
500,0248
501,0248
502,0248
503,0248
504,0248
505,0248
506,0248
507,0248
508,0249
509,0249
510,0249
511,0249
512,0249
513,0249
514,0249
515,0249
516,0249
517,0249
518,0249
519,0249
520,0249
521,0250
522,0250
523,0250
524,0250
525,0250
526,0250
527,0250
528,0250
529,0250
530,0251
531,0251
532,0251
533,0251
534,0251
535,0251
536,0251
537,0251
538,0251
539,0252
540,0252
541,0252
542,0252
543,0252
544,0252
545,0252
546,0253
547,0253
548,0253
549,0253
550,0253
551,0253
552,0253
553,0253
554,0253
555,0253
556,0253
557,0254
558,0254
559,0254
560,0254
561,0254
562,0254
563,0254
564,0254
565,0255
566,0255
567,0255
568,0255
569,0255
570,0255
571,0255
572,0255
573,0256
574,0256
575,0256
576,0256
577,0256
578,0256
579,0257
580,0257
581,0257
582,0257
583,0257
584,0258
585,0258
586,0258
587,0258
588,0258
589,0258
590,0258
591,0259
592,0259
593,0259
594,0259
595,0259
596,0260
597,0260
598,0260
599,0260
600,0260
601,0261
602,0261
603,0261
604,0261
605,0261
606,0262
607,0262
608,0262
609,0262
610,0262
611,0262
612,0263
613,0263
614,0263
615,0263
616,0263
617,0263
618,0263
619,0263
620,0264
621,0264
622,0264
623,0264
624,0264
625,0264
626,0264
627,0264
628,0265
629,0265
630,0265
631,0265
632,0265
633,0265
634,0265
635,0265
636,0266
637,0266
638,0266
639,0266
640,0266
641,0266
642,0266
643,0266
644,0267
645,0267
646,0267
647,0267
648,0267
649,0267
650,0267
651,0267
652,0267
653,0267
654,0267
655,0268
656,0268
657,0268
658,0268
659,0268
660,0268
661,0268
662,0268
663,0269
664,0269
665,0269
666,0269
667,0269
668,0269
669,0270
670,0270
671,0270
672,0270
673,0270
674,0270
675,0270
676,0270
677,0270
678,0271
679,0271
680,0271
681,0271
682,0271
683,0271
684,0271
685,0271
686,0271
687,0271
688,0271
689,0272
690,0272
691,0272
692,0272
693,0272
694,0272
695,0272
696,0272
697,0272
698,0272
699,0272
700,0273
701,0273
702,0273
703,0273
704,0273
705,0273
706,0273
707,0273
708,0273
709,0273
710,0273
711,0273
712,0273
713,0274
714,0274
715,0274
716,0275
717,0275
718,0275
719,0275
720,0276
721,0276
722,0276
723,0276
724,0276
725,0276
726,0277
727,0277
728,0277
729,0277
730,0277
731,0277
732,0277
733,0278
734,0278
735,0278
736,0278
737,0278
738,0278
739,0279
740,0279
741,0279
742,0279
743,0279
744,0279
745,0279
746,0280
747,0280
748,0280
749,0280
750,0280
751,0280
752,0280
753,0280
754,0280
755,0281
756,0281
757,0281
758,0281
759,0281
760,0281
761,0281
762,0281
763,0281
764,0281
765,0281
766,0281
767,0281
768,0282
769,0282
770,0282
771,0282
772,0282
773,0282
774,0282
775,0282
776,0282
777,0282
778,0282
779,0282
780,0282
781,0282
782,0282
783,0283
784,0283
785,0283
786,0283
787,0283
788,0283
789,0283
790,0283
791,0283
792,0283
793,0283
794,0283
795,0283
796,0283
797,0283
798,0284
799,0284
800,0284
801,0284
802,0284
803,0284
804,0284
805,0284
806,0284
807,0284
808,0284
809,0284
810,0284
811,0284
812,0285
813,0285
814,0285
815,0285
816,0285
817,0285
818,0285
819,0285
820,0285
821,0285
822,0285
823,0285
824,0285
825,0286
826,0286
827,0286
828,0286
829,0286
830,0286
831,0286
832,0286
833,0286
834,0286
835,0287
836,0287
837,0288
838,0288
839,0289
840,0289
841,0289
842,0289
843,0289
844,0289
845,0289
846,0289
847,0289
848,0289
849,0290
850,0290
851,0290
852,0290
853,0290
854,0290
855,0290
856,0290
857,0290
858,0290
859,0290
860,0290
861,0291
862,0291
863,0291
864,0291
865,0291
866,0292
867,0292
868,0292
869,0292
870,0292
871,0292
872,0292
873,0292
874,0292
875,0292
876,0292
877,0292
878,0292
879,0293
880,0293
881,0293
882,0293
883,0293
884,0293
885,0293
886,0293
887,0293
888,0293
889,0293
890,0293
891,0293
892,0294
893,0294
894,0294
895,0294
896,0294
897,0294
898,0295
899,0295
900,0295
901,0295
902,0295
903,0295
904,0296
905,0296
906,0296
907,0296
908,0296
909,0296
910,0297
911,0297
912,0297
913,0297
914,0297
915,0297
916,0297
917,0297
918,0297
919,0297
920,0297
921,0297
922,0297
923,0298
924,0298
925,0298
926,0298
927,0298
928,0298
929,0298
930,0298
931,0298
932,0298
933,0299
934,0299
935,0299
936,0299
937,0299
938,0299
939,0299
940,0299
941,0299
942,0299
943,0299
944,0299
945,0299
946,0299
947,0299
948,0300
949,0300
950,0300
951,0300
952,0300
953,0300
954,0300
955,0300
956,0300
957,0300
958,0300
959,0300
960,0300
961,0300
962,0301
963,0301
964,0301
965,0301
966,0301
967,0301
968,0301
969,0301
970,0301
971,0302
972,0302
973,0302
974,0302
975,0302
976,0302
977,0302
978,0302
979,0302
980,0302
981,0302
982,0302
983,0303
984,0303
985,0303
986,0303
987,0303
988,0303
989,0303
990,0303
991,0303
992,0303
993,0303
994,0303
995,0303
996,0304
997,0304
998,0304
999,0304
1000,0304
1001,0304
1002,0304
1003,0304
1004,0304
1005,0304
1006,0304
1007,0304
1008,0304
1009,0305
1010,0305
1011,0305
1012,0305
1013,0305
1014,0305
1015,0305
1016,0305
1017,0305
1018,0305
1019,0305
1020,0306
1021,0306
1022,0306
1023,0306
1024,0306
1025,0306
1026,0306
1027,0306
1028,0306
1029,0307
1030,0307
1031,0307
1032,0307
1033,0307
1034,0307
1035,0307
1036,0307
1037,0307
1038,0307
1039,0307
1040,0308
1041,0308
1042,0308
1043,0308
1044,0308
1045,0308
1046,0308
1047,0308
1048,0308
1049,0308
1050,0308
1051,0308
1052,0308
1053,0309
1054,0309
1055,0309
1056,0309
1057,0309
1058,0309
1059,0309
1060,0309
1061,0309
1062,0309
1063,0309
1064,0309
1065,0310
1066,0310
1067,0310
1068,0310
1069,0310
1070,0310
1071,0310
1072,0310
1073,0310
1074,0311
1075,0311
1076,0311
1077,0311
1078,0311
1079,0311
1080,0311
1081,0311
1082,0311
1083,0312
1084,0312
1085,0312
1086,0312
1087,0312
1088,0312
1089,0312
1090,0312
1091,0313
1092,0313
1093,0313
1094,0313
1095,0313
1096,0313
1097,0313
1098,0314
1099,0314
1100,0314
1101,0314
1102,0314
1103,0314
1104,0314
1105,0314
1106,0314
1107,0314
1108,0314
1109,0314
1110,0315
1111,0315
1112,0315
1113,0315
1114,0315
1115,0315
1116,0315
1117,0315
1118,0315
1119,0315
1120,0315
1121,0316
1122,0316
1123,0316
1124,0316
1125,0316
1126,0316
1127,0316
1128,0316
1129,0316
1130,0316
1131,0316
1132,0316
1133,0317
1134,0317
1135,0317
1136,0317
1137,0317
1138,0317
1139,0317
1140,0317
1141,0317
1142,0318
1143,0318
1144,0318
1145,0318
1146,0318
1147,0318
1148,0318
1149,0318
1150,0319
1151,0319
1152,0319
1153,0319
1154,0319
1155,0319
1156,0319
1157,0319
1158,0319
1159,0320
1160,0320
1161,0320
1162,0320
1163,0320
1164,0320
1165,0320
1166,0320
1167,0320
1168,0321
1169,0321
1170,0321
1171,0322
1172,0322
1,0322
2,0323
3,0323
4,0323
5,0323
6,0323
7,0323
8,0324
9,0324
10,0324
11,0324
12,0325
13,0325
14,0325
15,0325
16,0325
17,0325
18,0326
19,0327
20,0327
21,0327
22,0327
23,0328
24,0328
25,0328
26,0328
27,0329
28,0329
29,0329
30,0329
31,0330
32,0330
33,0330
34,0330
35,0330
36,0331
37,0331
38,0331
39,0331
40,0331
41,0331
42,0331
43,0331
44,0331
45,0331
46,0332
47,0332
48,0332
49,0332
50,0332
51,0332
52,0333
53,0333
54,0333
55,0333
56,0334
57,0334
58,0334
59,0335
60,0335
61,0335
62,0335
63,0335
64,0336
65,0336
66,0336
67,0336
68,0336
69,0336
70,0336
71,0336
72,0336
73,0336
74,0336
75,0336
76,0336
77,0336
78,0337
79,0337
80,0337
81,0337
82,0337
83,0337
84,0338
85,0338
86,0338
87,0338
88,0338
89,0339
90,0339
91,0339
92,0339
93,0339
94,0339
95,0339
96,0339
97,0339
98,0339
99,0340
100,0340
101,0340
102,0340
103,0340
104,0340
105,0341
106,0341
107,0341
108,0341
109,0341
110,0342
111,0342
112,0342
113,0342
114,0342
115,0342
116,0342
117,0342
118,0342
119,0343
120,0343
121,0343
122,0343
123,0343
124,0343
125,0343
126,0343
127,0343
128,0343
129,0343
130,0344
131,0344
132,0344
133,0344
134,0344
135,0344
136,0344
137,0344
138,0345
139,0345
140,0345
141,0345
142,0345
143,0345
144,0345
145,0345
146,0346
147,0346
148,0346
149,0346
150,0347
151,0347
152,0347
153,0347
154,0347
155,0347
156,0347
157,0347
158,0347
159,0348
160,0348
161,0348
162,0348
163,0348
164,0348
165,0348
166,0349
167,0349
168,0349
169,0349
170,0349
171,0349
172,0350
173,0350
174,0350
175,0350
176,0350
177,0350
178,0350
179,0350
180,0351
181,0351
182,0351
183,0351
184,0351
185,0351
186,0352
187,0352
188,0352
189,0352
190,0352
191,0352
192,0352
193,0352
194,0352
195,0352
196,0352
197,0352
198,0352
199,0353
200,0353
201,0353
202,0353
203,0353
204,0353
205,0353
206,0353
207,0353
208,0353
209,0353
210,0353
211,0353
212,0354
213,0354
214,0354
215,0354
216,0354
217,0354
218,0354
219,0354
220,0354
221,0355
222,0355
223,0355
224,0355
225,0355
226,0355
227,0355
228,0355
229,0355
230,0355
231,0355
232,0355
233,0355
234,0356
235,0356
236,0356
237,0356
238,0356
239,0356
240,0356
241,0356
242,0356
243,0356
244,0356
245,0356
246,0356
247,0357
248,0357
249,0357
250,0357
251,0357
252,0357
253,0357
254,0357
255,0357
256,0357
257,0357
258,0357
259,0358
260,0358
261,0358
262,0358
263,0358
264,0358
265,0358
266,0358
267,0358
268,0358
269,0358
270,0358
271,0359
272,0359
273,0359
274,0359
275,0359
276,0359
277,0359
278,0359
279,0359
280,0359
281,0359
282,0360
283,0360
284,0360
285,0360
286,0360
287,0360
288,0360
289,0360
290,0360
291,0360
292,0361
293,0361
294,0361
295,0361
296,0361
297,0361
298,0361
299,0361
300,0361
301,0361
302,0362
303,0362
304,0362
305,0362
306,0362
307,0362
308,0362
309,0362
310,0362
311,0362
312,0362
313,0363
314,0363
315,0363
316,0363
317,0363
318,0363
319,0363
320,0363
321,0363
322,0364
323,0364
324,0364
325,0364
326,0364
327,0364
328,0364
329,0364
330,0364
331,0365
332,0365
333,0365
334,0365
335,0365
336,0365
337,0365
338,0365
339,0365
340,0365
341,0365
342,0366
343,0366
344,0366
345,0366
346,0366
347,0366
348,0366
349,0367
350,0367
351,0367
352,0367
353,0367
354,0367
355,0367
356,0367
357,0367
358,0367
359,0367
360,0367
361,0367
362,0367
363,0368
364,0368
365,0368
366,0368
367,0368
368,0368
369,0368
370,0368
371,0368
372,0368
373,0369
374,0369
375,0369
376,0369
377,0369
378,0369
379,0369
380,0369
381,0369
382,0369
383,0370
384,0370
385,0370
386,0370
387,0370
388,0370
389,0370
390,0370
391,0370
392,0370
393,0370
394,0370
395,0370
396,0371
397,0371
398,0371
399,0371
400,0371
401,0371
402,0371
403,0371
404,0371
405,0371
406,0372
407,0372
408,0372
409,0372
410,0372
411,0372
412,0372
413,0372
414,0372
415,0372
416,0372
417,0372
418,0372
419,0372
420,0373
421,0373
422,0373
423,0373
424,0373
425,0373
426,0373
427,0373
428,0374
429,0374
430,0374
431,0374
432,0374
433,0374
434,0374
435,0374
436,0374
437,0374
438,0375
439,0375
440,0375
441,0375
442,0375
443,0375
444,0375
445,0375
446,0375
447,0375
448,0375
449,0376
450,0376
451,0376
452,0376
453,0376
454,0376
455,0376
456,0376
457,0376
458,0376
459,0376
460,0377
461,0377
462,0377
463,0377
464,0377
465,0378
466,0378
467,0378
468,0378
469,0378
470,0378
471,0379
472,0379
473,0379
474,0379
475,0379
476,0379
477,0380
478,0380
479,0380
480,0380
481,0380
482,0380
483,0380
484,0380
485,0380
486,0380
487,0381
488,0381
489,0381
490,0381
491,0381
492,0381
493,0382
494,0382
495,0382
496,0382
497,0382
498,0382
499,0382
500,0382
501,0383
502,0383
503,0383
504,0383
505,0383
506,0383
507,0383
508,0383
509,0384
510,0384
511,0384
512,0384
513,0384
514,0384
515,0384
516,0384
517,0384
518,0384
519,0384
520,0385
521,0385
522,0385
523,0385
524,0385
525,0385
526,0385
527,0385
528,0385
529,0385
530,0385
531,0386
532,0386
533,0386
534,0386
535,0386
536,0386
537,0386
538,0386
539,0386
540,0386
541,0386
542,0387
543,0387
544,0387
545,0387
546,0387
547,0387
548,0387
549,0387
550,0387
551,0387
552,0388
553,0388
554,0388
555,0388
556,0388
557,0388
558,0388
559,0388
560,0388
561,0389
562,0389
563,0389
564,0389
565,0390
566,0390
567,0391
568,0391
569,0391
570,0391
571,0391
572,0392
573,0392
574,0392
575,0392
576,0392
577,0392
578,0392
579,0393
580,0393
581,0393
582,0393
583,0393
584,0393
585,0393
586,0393
587,0393
588,0394
589,0394
590,0394
591,0394
592,0394
593,0394
594,0394
595,0394
596,0394
597,0394
598,0394
599,0394
600,0394
601,0395
602,0395
603,0395
604,0395
605,0395
606,0395
607,0395
608,0395
609,0395
610,0395
611,0395
612,0395
613,0395
614,0395
615,0396
616,0396
617,0396
618,0396
619,0396
620,0396
621,0397
622,0397
623,0397
624,0397
625,0397
626,0397
627,0397
628,0397
629,0397
630,0397
631,0397
632,0397
633,0397
634,0398
635,0398
636,0398
637,0398
638,0398
639,0398
640,0398
641,0398
642,0399
643,0399
644,0399
645,0399
646,0399
647,0399
648,0399
649,0400
650,0400
651,0400
652,0400
653,0401
654,0401
655,0401
656,0402
657,0402
658,0402
659,0402
660,0402
661,0402
662,0402
663,0402
664,0402
665,0402
666,0402
667,0403
668,0403
669,0403
670,0403
671,0403
672,0403
673,0403
674,0403
675,0403
676,0403
677,0403
678,0403
679,0404
680,0404
681,0404
682,0404
683,0404
684,0404
685,0404
686,0404
687,0404
688,0404
689,0405
690,0405
691,0405
692,0405
693,0405
694,0405
695,0405
696,0405
697,0406
698,0406
699,0406
700,0406
701,0406
702,0406
703,0406
704,0406
705,0406
706,0406
707,0406
708,0407
709,0407
710,0407
711,0407
712,0407
713,0407
714,0407
715,0407
716,0407
717,0407
718,0407
719,0407
720,0408
721,0408
722,0408
723,0408
724,0408
725,0408
726,0408
727,0408
728,0408
729,0408
730,0408
731,0408
732,0408
733,0409
734,0409
735,0409
736,0409
737,0409
738,0409
739,0409
740,0409
741,0409
742,0409
743,0409
744,0409
745,0410
746,0410
747,0410
748,0410
749,0410
750,0410
751,0410
752,0410
753,0410
754,0411
755,0411
756,0411
757,0411
758,0411
759,0411
760,0411
761,0411
762,0411
763,0411
764,0412
765,0412
766,0412
767,0412
768,0412
769,0412
770,0412
771,0412
772,0412
773,0412
774,0412
775,0412
776,0412
777,0413
778,0413
779,0413
780,0413
781,0413
782,0413
783,0413
784,0413
785,0413
786,0413
787,0413
788,0413
789,0414
790,0414
791,0414
792,0414
793,0414
794,0414
795,0414
796,0414
797,0414
798,0414
799,0414
800,0414
801,0415
802,0415
803,0415
804,0415
805,0415
806,0415
807,0415
808,0415
809,0415
810,0415
811,0415
812,0415
813,0416
814,0416
815,0416
816,0416
817,0416
818,0416
819,0416
820,0416
821,0416
822,0416
823,0416
824,0417
825,0417
826,0417
827,0417
828,0417
829,0417
830,0417
831,0417
832,0417
833,0417
834,0418
835,0418
836,0418
837,0418
838,0418
839,0418
840,0418
841,0418
842,0418
843,0418
844,0418
845,0418
846,0418
847,0419
848,0419
849,0419
850,0419
851,0419
852,0419
853,0419
854,0419
855,0419
856,0419
857,0419
858,0419
859,0419
860,0419
861,0420
862,0420
863,0420
864,0420
865,0420
866,0420
867,0420
868,0420
869,0420
870,0420
871,0420
872,0420
873,0420
874,0420
875,0421
876,0421
877,0421
878,0421
879,0421
880,0421
881,0421
882,0421
883,0421
884,0421
885,0421
886,0421
887,0421
888,0421
889,0422
890,0422
891,0422
892,0422
893,0422
894,0422
895,0422
896,0423
897,0423
898,0424
899,0424
900,0424
901,0424
902,0425
903,0425
904,0425
905,0425
906,0426
907,0426
908,0426
909,0426
910,0426
911,0426
912,0426
913,0426
914,0426
915,0426
916,0427
917,0427
918,0427
919,0427
920,0427
921,0427
922,0427
923,0427
924,0427
925,0427
926,0427
927,0427
928,0427
929,0427
930,0427
931,0428
932,0428
933,0428
934,0428
935,0428
936,0428
937,0428
938,0428
939,0428
940,0428
941,0428
942,0428
943,0428
944,0428
945,0429
946,0429
947,0429
948,0429
949,0429
950,0429
951,0429
952,0429
953,0429
954,0429
955,0429
956,0429
957,0429
958,0429
959,0429
960,0429
961,0430
962,0430
963,0430
964,0430
965,0430
966,0430
967,0430
968,0430
969,0430
970,0430
971,0430
972,0430
973,0430
974,0430
975,0430
976,0431
977,0431
978,0431
979,0431
980,0431
981,0431
982,0431
983,0431
984,0431
985,0431
986,0431
987,0431
988,0431
989,0431
990,0431
991,0432
992,0432
993,0432
994,0432
995,0432
996,0432
997,0432
998,0432
999,0432
1000,0432
1001,0433
1002,0433
1003,0433
1004,0433
1005,0433
1006,0433
1007,0434
1008,0434
1009,0434
1010,0434
1011,0434
1012,0434
1013,0434
1014,0434
1015,0434
1016,0434
1017,0434
1018,0434
1019,0435
1020,0435
1021,0435
1022,0435
1023,0435
1024,0435
1025,0435
1026,0435
1027,0435
1028,0435
1029,0435
1030,0435
1031,0435
1032,0435
1033,0435
1034,0436
1035,0436
1036,0436
1037,0436
1038,0436
1039,0436
1040,0436
1041,0436
1042,0436
1043,0436
1044,0436
1045,0436
1046,0436
1047,0437
1048,0437
1049,0437
1050,0437
1051,0437
1052,0437
1053,0437
1054,0437
1055,0437
1056,0437
1057,0437
1058,0437
1059,0437
1060,0437
1061,0437
1062,0437
1063,0438
1064,0438
1065,0438
1066,0438
1067,0438
1068,0438
1069,0438
1070,0438
1071,0438
1072,0438
1073,0438
1074,0438
1075,0438
1076,0438
1077,0438
1078,0439
1079,0439
1080,0439
1081,0439
1082,0439
1083,0439
1084,0439
1085,0439
1086,0439
1087,0439
1088,0439
1089,0439
1090,0439
1091,0439
1092,0440
1093,0440
1094,0440
1095,0440
1096,0440
1097,0440
1098,0440
1099,0440
1100,0440
1101,0440
1102,0440
1103,0440
1104,0441
1105,0441
1106,0441
1107,0441
1108,0441
1109,0441
1110,0441
1111,0441
1112,0441
1113,0441
1114,0442
1115,0442
1116,0442
1117,0442
1118,0442
1119,0442
1120,0442
1121,0442
1122,0442
1123,0442
1124,0442
1125,0442
1126,0442
1127,0442
1128,0443
1129,0443
1130,0443
1131,0443
1132,0443
1133,0443
1134,0443
1135,0443
1136,0443
1137,0443
1138,0443
1139,0443
1140,0443
1141,0443
1142,0444
1143,0444
1144,0444
1145,0444
1146,0444
1147,0444
1148,0444
1149,0444
1150,0444
1151,0444
1152,0444
1153,0444
1154,0444
1155,0445
1156,0445
1157,0445
1158,0445
1159,0445
1160,0445
1161,0445
1162,0445
1163,0445
1164,0445
1165,0445
1166,0445
1167,0445
1168,0445
1169,0446
1170,0446
1171,0446
1172,0446
1173,0446
1174,0447
1175,0447
1176,0447
1177,0447
1178,0447
1179,0447
1180,0447
1181,0447
1182,0447
1183,0447
1184,0447
1185,0447
1186,0447
1187,0447
1188,0447
1189,0447
1190,0447
1191,0447
1192,0447
1193,0447
1194,0447
1195,0447
1196,0447
1197,0447
1198,0448
1199,0448
1200,0448
1201,0448
1202,0448
1203,0448
1204,0448
1205,0448
1206,0448
1207,0448
1208,0448
1209,0448
1210,0448
1211,0448
1212,0449
1213,0449
1214,0449
1215,0449
1216,0449
1217,0450
1218,0450
1219,0450
1220,0450
1221,0450
1222,0450
1223,0450
1224,0450
1225,0450
1226,0450
1227,0450
1228,0451
1229,0451
1230,0451
1231,0451
1232,0451
1233,0451
1234,0451
1235,0451
1236,0451
1237,0451
1238,0451
1239,0451
1240,0451
1241,0452
1242,0452
1243,0452
1244,0452
1245,0452
1246,0452
1247,0452
1248,0452
1249,0452
1250,0452
1251,0452
1252,0452
1253,0452
1254,0452
1255,0453
1256,0453
1257,0453
1258,0453
1259,0453
1260,0453
1261,0453
1262,0454
1263,0454
1264,0454
1265,0454
1266,0454
1267,0454
1268,0454
1269,0454
1270,0454
1271,0454
1272,0454
1273,0455
1274,0455
1275,0455
1276,0455
1277,0455
1278,0455
1279,0455
1280,0455
1281,0455
1282,0455
1283,0455
1284,0455
1285,0456
1286,0456
1287,0456
1288,0456
1289,0456
1290,0456
1291,0456
1292,0456
1293,0456
1294,0456
1295,0456
1296,0457
1297,0457
1298,0457
1299,0457
1300,0457
1301,0457
1302,0457
1303,0457
1304,0457
1305,0457
1306,0457
1307,0457
1308,0457
1309,0457
1310,0458
1311,0458
1312,0458
1313,0458
1314,0458
1315,0458
1316,0458
1317,0458
1318,0458
1319,0458
1320,0458
1321,0458
1322,0458
1323,0459
1324,0459
1325,0459
1326,0459
1327,0459
1328,0459
1329,0459
1330,0459
1331,0459
1332,0459
1333,0459
1334,0459
1335,0460
1336,0460
1337,0460
1338,0460
1339,0460
1340,0460
1341,0460
1342,0460
1343,0460
1344,0460
1345,0460
1346,0460
1347,0460
1348,0460
1349,0461
1350,0461
1351,0461
1352,0461
1353,0461
1354,0461
1355,0461
1356,0461
1357,0461
1358,0461
1359,0461
1360,0461
1361,0462
1362,0462
1363,0462
1364,0462
1365,0462
1366,0462
1367,0462
1368,0462
1369,0462
1370,0463
1371,0463
1372,0463
1373,0463
1374,0463
1375,0463
1376,0463
1377,0463
1378,0463
1379,0463
1380,0463
1381,0463
1382,0464
1383,0464
1384,0464
1385,0464
1386,0464
1387,0464
1388,0464
1389,0464
1390,0464
1391,0464
1392,0464
1393,0465
1394,0465
1395,0465
1396,0465
1397,0465
1398,0465
1399,0465
1400,0465
1401,0465
1402,0465
1403,0466
1404,0466
1405,0466
1406,0466
1407,0466
1408,0466
1409,0466
1410,0466
1411,0467
1412,0467
1413,0467
1414,0467
1415,0467
1416,0467
1417,0467
1418,0467
1419,0467
1420,0467
1421,0468
1422,0468
1423,0468
1424,0468
1425,0468
1426,0468
1427,0468
1428,0468
1429,0468
1430,0468
1431,0469
1432,0469
1433,0469
1434,0469
1435,0469
1436,0469
1437,0469
1438,0469
1439,0469
1440,0469
1441,0469
1442,0469
1443,0469
1444,0469
1445,0470
1446,0470
1447,0470
1448,0470
1449,0470
1450,0470
1451,0470
1452,0470
1453,0470
1454,0470
1455,0470
1456,0471
1457,0471
1458,0471
1459,0471
1460,0471
1461,0471
1462,0471
1463,0471
1464,0471
1465,0471
1466,0471
1467,0472
1468,0472
1469,0472
1470,0472
1471,0472
1472,0472
1473,0472
1474,0472
1475,0472
1476,0472
1477,0473
1478,0473
1479,0473
1480,0473
1481,0473
1482,0473
1483,0473
1484,0473
1485,0474
1486,0474
1487,0474
1488,0474
