361,0001
362,0002
363,0002
364,0003
365,0004
366,0007
367,0008
368,0009
369,0024
370,0024
371,0025
372,0026
373,0026
374,0027
375,0028
376,0029
377,0030
378,0031
379,0031
380,0033
381,0034
382,0035
383,0052
384,0052
385,0053
386,0055
387,0056
388,0068
389,0068
390,0069
391,0069
392,0076
393,0076
394,0077
395,0078
396,0078
397,0080
398,0081
399,0082
400,0083
401,0084
402,0084
403,0085
404,0086
405,0108
406,0108
407,0109
408,0110
409,0111
410,0112
411,0113
412,0115
413,0117
414,0117
415,0118
416,0119
417,0120
418,0122
419,0122
420,0123
421,0123
422,0123
423,0124
424,0124
425,0125
426,0126
427,0126
428,0127
429,0128
430,0129
431,0130
432,0131
433,0147
434,0147
435,0148
436,0148
437,0149
438,0150
439,0152
440,0168
441,0169
442,0170
443,0171
444,0172
445,0173
446,0176
447,0177
448,0180
449,0180
450,0183
451,0183
452,0185
453,0185
454,0187
455,0187
456,0190
457,0191
458,0191
459,0205
460,0205
461,0206
462,0206
463,0207
464,0207
465,0207
466,0208
467,0209
468,0209
469,0210
470,0211
471,0212
472,0213
473,0213
474,0214
475,0214
476,0215
477,0215
478,0216
479,0237
480,0237
481,0238
482,0239
483,0245
484,0247
485,0250
486,0252
487,0255
488,0268
489,0270
490,0272
491,0274
492,0276
483,0278
494,0278
495,0280
496,0281
497,0281
498,0282
499,0283
500,0283
501,0284
502,0285
503,0286
504,0287
505,0324
506,0324
507,0326
508,0326
509,0328
510,0328
511,0330
512,0332
513,0333
514,0356
515,0356
516,0356
517,0360
518,0361
519,0362
520,0368
521,0368
522,0369
523,0370
524,0370
525,0372
526,0373
527,0374
528,0375
529,0377
530,0378
531,0378
532,0379
533,0379
534,0379
535,0387
536,0387
537,0387
538,0390
539,0391
540,0410
541,0411
542,0411
543,0413
544,0414
545,0414
546,0415
547,0415
548,0416
549,0416
550,0416
551,0441
552,0441
553,0442
554,0443
555,0447
556,0447
557,0465
558,0465
559,0466
560,0467
561,0468
562,0469
563,0470
564,0470
565,0471
566,0471
