1,0001
2,0002
3,0003
4,0003
5,0003
6,0004
7,0004
8,0004
9,0004
10,0004
11,0005
12,0005
13,0006
14,0006
15,0006
16,0007
17,0007
18,0007
19,0007
20,0008
21,0009
22,0009
23,0009
24,0010
25,0010
26,0011
27,0012
28,0013
29,0013
30,0013
31,0014
32,0014
33,0015
34,0016
35,0016
36,0016
37,0017
38,0017
39,0017
40,0017
41,0018
42,0018
43,0018
44,0018
45,0019
46,0019
47,0020
48,0020
49,0020
50,0020
51,0020
52,0021
53,0021
54,0021
55,0021
56,0022
57,0022
58,0022
59,0023
60,0023
61,0024
62,0024
63,0024
64,0024
65,0024
66,0025
67,0025
68,0026
69,0026
70,0026
71,0026
72,0027
73,0027
74,0027
75,0028
76,0028
77,0029
78,0029
79,0029
80,0030
81,0030
82,0030
83,0030
84,0030
85,0031
86,0031
87,0032
88,0032
89,0032
90,0033
91,0033
92,0034
93,0034
94,0034
95,0034
96,0034
97,0035
98,0035
99,0035
100,0035
101,0035
102,0036
103,0036
104,0036
105,0036
106,0037
107,0037
108,0037
109,0037
110,0038
111,0039
112,0039
113,0040
114,0040
115,0041
116,0042
117,0043
118,0043
119,0044
120,0044
121,0045
122,0045
123,0046
124,0047
125,0047
126,0047
127,0048
128,0048
129,0048
130,0049
131,0049
132,0049
133,0050
135,0050
136,0051
137,0051
138,0051
139,0052
140,0052
141,0052
142,0053
143,0053
144,0054
145,0055
146,0055
147,0056
148,0056
149,0056
150,0056
151,0057
152,0057
153,0057
154,0057
155,0058
156,0058
157,0058
158,0058
159,0058
160,0059
161,0059
162,0059
163,0059
164,0059
165,0060
166,0060
167,0061
168,0061
169,0061
170,0062
171,0062
172,0062
173,0062
174,0063
175,0063
176,0063
177,0064
178,0064
179,0064
180,0064
181,0065
182,0066
183,0066
184,0066
185,0066
186,0067
187,0067
188,0068
189,0068
190,0068
191,0069
192,0070
193,0070
194,0070
195,0071
196,0073
197,0073
343,0091
344,0092
345,0094
198,0105
199,0105
200,0106
201,0106
202,0107
203,0107
204,0108
205,0109
206,0109
207,0109
208,0110
209,0110
210,0110
211,0110
212,0111
213,0111
214,0112
215,0112
216,0113
217,0113
218,0113
219,0114
220,0114
221,0114
222,0114
223,0115
224,0115
225,0115
226,0116
227,0116
228,0116
229,0117
230,0117
231,0117
232,0117
233,0118
234,0118
235,0118
236,0119
237,0119
238,0120
239,0120
240,0121
241,0121
242,0122
243,0122
244,0122
245,0123
246,0123
247,0124
248,0125
349,0125
250,0125
251,0126
252,0127
253,0127
254,0127
255,0128
256,0129
257,0130
258,0131
259,0131
260,0132
261,0133
262,0135
263,0136
264,0136
265,0137
266,0138
267,0138
268,0139
269,0139
270,0140
271,0140
272,0141
273,0142
274,0143
275,0143
276,0143
277,0144
278,0145
279,0145
280,0146
281,0146
282,0146
283,0147
284,0148
285,0149
286,0149
287,0149
288,0149
289,0149
290,0150
291,0150
292,0150
293,0153
294,0155
295,0155
296,0158
297,0159
298,0159
299,0159
300,0159
301,0159
302,0160
303,0160
304,0161
305,0161
306,0161
307,0161
308,0161
309,0162
310,0162
311,0162
312,0163
313,0163
314,0163
315,0163
316,0163
317,0163
318,0164
320,0164
321,0164
322,0165
323,0165
324,0165
325,0165
326,0166
327,0166
328,0167
329,0167
330,0168
331,0168
332,0169
333,0170
334,0170
335,0171
336,0171
337,0267
338,0267
339,0268
340,0268
341,0270
342,0270
343,0271
344,0271
345,0272
346,0272
347,0273
348,0274
349,0274
350,0275
351,0275
352,0276
353,0277
354,0277
355,0278
356,0279
357,0279
358,0280
359,0280
360,0281
361,0282
362,0283
363,0284
364,0285
365,0286
366,0287
367,0288
368,0289
369,0290
370,0291
371,0292
372,0293
373,0295
374,0295
375,0295
376,0295
377,0296
378,0298
379,0298
380,0299
381,0299
382,0299
383,0300
384,0301
385,0302
386,0303
387,0304
388,0304
389,0305
390,0305
391,0305
392,0306
393,0306
394,0307
395,0308
396,0308
397,0309
398,0309
399,0310
400,0310
401,0310
402,0313
403,0314
404,0315
405,0317
406,0318
407,0319
408,0320
409,0320
410,0320
411,0321
412,0324
413,0325
414,0337
415,0338
416,0340
417,0341
418,0342
419,0342
420,0343
421,0344
422,0344
823,0344
424,0345
425,0345
426,0348
427,0349
428,0350
429,0351
430,0352
431,0353
432,0355
433,0356
434,0357
435,0357
436,0358
437,0359
438,0359
439,0360
440,0365
441,0366
442,0369
443,0370
444,0375
445,0375
446,0379
447,0398
448,0399
449,0400
450,0400
451,0400
452,0401
453,0401
454,0401
455,0401
456,0402
457,0402
458,0403
459,0403
460,0404
461,0404
462,0405
463,0405
464,0405
465,0406
466,0406
467,0407
468,0408
469,0408
470,0408
471,0408
472,0409
473,0409
474,0409
475,0409
476,0410
477,0410
478,0410
479,0411
481,0411
481,0411
482,0412
483,0412
484,0413
885,0413
486,0414
487,0414
488,0415
489,0415
490,0416
491,0417
492,0418
493,0418
494,0419
495,0419
496,0420
497,0420
498,0421
499,0422
500,0424
501,0424
502,0425
503,0425
504,0425
505,0426
506,0426
507,0427
508,0428
509,0428
510,0429
511,0430
512,0430
513,0441
514,0442
515,0443
516,0444
517,0445
518,0447
519,0448
520,0448
521,0449
522,0450
523,0451
524,0452
525,0452
526,0452
527,0453
528,0453
529,0454
530,0454
531,0454
532,0455
533,0455
534,0456
535,0456
536,0457
537,0458
538,0458
539,0458
540,0458
541,0458
542,0459
543,0459
544,0459
545,0460
546,0460
547,0460
548,0461
549,0461
550,0461
551,0462
552,0462
553,0462
554,0462
555,0463
556,0463
557,0464
558,0464
559,0465
560,0466
561,0466
562,0467
563,0467
564,0468
565,0468
566,0468
567,0468
568,0469
569,0469
570,0469
571,0469
572,0470
573,0470
574,0472
575,0472
576,0473
577,0474
578,0474
579,0478
580,0479
581,0480
582,0480
583,0480
584,0481
585,0481
586,0481
587,0482
588,0482
590,0483
591,0484
592,0485
593,0485
594,0485
595,0485
596,0487
597,0488
598,0488
599,0489
600,0490
601,0491
602,0492
603,0492
604,0492
605,0492
606,0492
607,0493
608,0493
609,0493
610,0493
611,0493
602,0493
613,0494
614,0509
615,0510
616,0511
617,0512
618,0512
619,0514
620,0516
621,0517
622,0518
623,0520
624,0521
625,0522
626,0523
627,0524
628,0525
629,0526
630,0530
631,0530
632,0531
633,0531
634,0532
635,0534
636,0534
637,0535
638,0537
639,0537
640,0538
641,0539
642,0541
643,0544
644,0544
645,0545
646,0547
647,0548
648,0548
649,0550
650,0552
651,0552
652,0552
653,0553
654,0554
655,0554
656,0555
657,0555
658,0556
659,0556
660,0557
660,0557
662,0558
663,0558
664,0559
