153,0001
154,0001
155,0004
156,0005
157,0007
158,0007
159,0037
160,0037
161,0038
162,0038
163,0038
164,0039
165,0039
166,0040
167,0044
168,0045
169,0046
170,0047
171,0048
172,0049
173,0050
174,0051
175,0051
176,0052
177,0054
178,0054
179,0055
180,0056
181,0056
182,0057
183,0057
184,0057
185,0058
186,0059
187,0060
188,0060
189,0061
190,0061
191,0061
192,0061
193,0063
194,0113
195,0114
196,0115
197,0115
198,0115
199,0119
200,0119
201,0120
202,0120
203,0122
204,0123
205,0123
206,0124
207,0125
208,0125
209,0135
210,0135
211,0135
212,0136
213,0137
214,0138
215,0138
216,0139
217,0139
218,0140
219,0140
220,0141
221,0152
222,0152
223,0155
224,0158
225,0161
226,0170
227,0170
228,0170
229,0172
230,0174
231,0174
232,0176
233,0179
234,0186
235,0186
236,0187
237,0188
238,0188
239,0189
240,0190
241,0191
242,0191
243,0195
244,0196
245,0196
246,0197
247,0199
248,0200
249,0204
250,0205
251,0215
252,0215
253,0219
254,0221
255,0222
256,0234
257,0234
258,0235
259,0236
260,0236
261,0237
262,0238
263,0254
264,0254
265,0256
266,0257
267,0259
268,0260
265,0261
270,0262
271,0263
272,0264
273,0264
274,0279
275,0280
276,0282
277,0283
278,0285
279,0286
280,0287
281,0288
282,0289
283,0291
284,0292
285,0293
286,0295
287,0296
288,0297
289,0324
290,0325
291,0326
292,0347
293,0348
294,0348
295,0349
296,0349
297,0352
298,0352
299,0354
300,0354
301,0390
302,0390
303,0390
304,0391
305,0392
306,0396
307,0396
308,0396
309,0397
310,0399
311,0402
312,0410
313,0411
314,0411
315,0413
316,0414
317,0415
318,0417
319,0418
320,0419
321,0419
322,0420
323,0421
324,0422
325,0423
326,0424
327,0427
328,0427
329,0470
330,0470
331,0475
332,0476
333,0477
334,0479
335,0480
336,0481
337,0481
338,0482
339,0483
340,0516
341,0516
342,0517
343,0519
344,0521
345,0522
346,0525
347,0546
348,0547
349,0549
350,0551
351,0553
352,0555
353,0558
354,0558
355,0560
356,0561
357,0562
358,0563
359,0564
360,0566
