1,0001
2,0002
3,0003
4,0004
5,0005
6,0005
7,0006
8,0007
9,0008
10,0009
11,0010
12,0011
13,0013
14,0014
15,0015
16,0015
17,0016
18,0018
19,0018
20,0019
21,0020
22,0021
23,0022
24,0024
25,0025
26,0025
27,0026
28,0026
29,0027
30,0027
31,0027
32,0028
33,0029
34,0031
35,0032
36,0033
37,0033
38,0035
39,0035
40,0036
41,0037
42,0037
43,0038
44,0038
45,0039
46,0040
47,0041
48,0041
49,0042
50,0043
51,0043
52,0043
53,0044
54,0045
55,0046
56,0048
57,0048
58,0049
59,0050
60,0052
61,0052
62,0054
63,0054
64,0055
65,0057
66,0058
67,0059
68,0060
69,0061
70,0062
71,0065
72,0065
73,0066
74,0067
75,0067
76,0068
77,0069
2,0071
78,0071
79,0072
80,0073
81,0074
82,0077
83,0078
84,0079
85,0080
86,0080
87,0082
88,0082
3,0084
89,0085
90,0086
91,0087
92,0087
93,0089
94,0091
95,0092
96,0093
97,0094
98,0094
99,0095
100,0096
101,0097
1,0097
102,0098
103,0100
104,0101
105,0101
106,0102
107,0103
108,0104
109,0105
110,0105
111,0107
112,0108
113,0109
1,0109
114,0110
115,0111
116,0112
117,0113
118,0114
119,0115
120,0115
121,0117
122,0118
123,0118
124,0121
125,0123
126,0123
127,0124
128,0125
129,0126
130,0128
131,0130
132,0132
133,0134
134,0134
135,0135
136,0135
137,0136
138,0137
139,0137
140,0138
141,0138
142,0139
143,0139
144,0140
145,0140
146,0140
147,0143
2,0143
148,0144
1,0144
149,0146
150,0147
151,0150
3,0151
152,0151
153,0154
154,0154
2,0155
155,0156
156,0157
157,0159
158,0160
159,0162
160,0163
161,0163
3,0163
162,0164
163,0164
1,0165
1,0166
2,0166
164,0166
165,0167
166,0167
167,0168
168,0169
169,0171
170,0172
171,0174
172,0174
173,0175
174,0176
2,0177
175,0179
176,0179
177,0181
178,0183
179,0184
180,0186
181,0187
182,0189
183,0190
184,0190
185,0191
1,0192
186,0193
1,0193
187,0194
1,0195
188,0195
189,0197
190,0198
191,0198
192,0199
193,0200
194,0201
195,0203
3,0203
4,0203
196,0204
197,0205
2,0206
198,0206
199,0207
200,0209
201,0210
202,0212
1,0213
203,0214
204,0214
205,0214
206,0215
207,0215
208,0216
209,0216
210,0217
211,0217
212,0217
213,0218
214,0218
215,0218
216,0218
217,0219
218,0219
219,0219
4,0219
220,0220
221,0220
222,0221
1,0221
223,0221
224,0222
225,0224
226,0225
227,0226
228,0227
229,0228
230,0229
231,0229
232,0229
233,0229
234,0230
235,0231
236,0231
237,0232
238,0233
239,0234
240,0236
3,0236
241,0237
242,0237
243,0238
1,0238
3,0238
6,0239
6,0239
244,0240
245,0240
246,0242
247,0243
248,0245
249,0245
250,0246
251,0247
252,0248
253,0250
254,0250
255,0251
4,0251
256,0252
3,0252
1,0253
3,0253
257,0254
258,0254
2,0254
3,0255
4,0255
259,0256
3,0256
2,0257
260,0257
1,0258
261,0258
262,0258
263,0258
264,0259
265,0260
266,0261
267,0261
268,0261
269,0263
1,0263
270,0263
271,0264
272,0266
273,0267
2,0267
3,0267
274,0268
275,0268
1,0269
276,0270
277,0270
3,0270
278,0271
279,0272
280,0273
281,0274
2,0275
282,0275
283,0277
1,0277
2,0277
284,0278
1,0278
2,0278
285,0279
5,0279
3,0280
4,0280
286,0280
287,0281
3,0281
288,0281
289,0283
2,0283
290,0284
3,0284
291,0285
292,0286
5,0287
6,0287
293,0288
3,0288
4,0288
294,0289
3,0290
295,0290
296,0291
297,0292
298,0293
299,0294
300,0295
301,0296
1,0297
302,0297
303,0300
304,0300
305,0302
306,0303
307,0303
308,0304
309,0304
310,0305
311,0307
312,0308
313,0308
314,0310
315,0310
1,0311
316,0311
3,0312
6,0312
7,0312
317,0312
10,0312
318,0315
319,0316
320,0317
321,0317
322,0317
323,0317
324,0318
325,0318
326,0319
327,0320
328,0321
2,0321
4,0321
329,0321
330,0322
331,0323
332,0323
333,0324
334,0324
335,0325
336,0325
337,0326
338,0326
339,0326
340,0327
341,0327
1,0328
2,0328
1,0329
342,0330
343,0330
344,0331
5,0331
345,0332
3,0332
346,0332
347,0333
348,0334
349,0334
350,0336
351,0336
352,0338
353,0339
354,0340
355,0341
356,0342
357,0342
2,0343
358,0343
359,0344
360,0345
361,0346
362,0347
363,0348
364,0349
365,0350
366,0351
367,0352
368,0352
369,0353
370,0354
371,0354
372,0356
373,0356
374,0357
375,0358
376,0358
377,0358
378,0359
379,0359
380,0360
381,0361
382,0362
383,0362
384,0363
385,0363
1,0363
386,0364
387,0365
388,0366
389,0367
390,0367
3,0367
391,0367
392,0368
393,0369
394,0369
395,0369
396,0370
397,0370
398,0370
399,0371
400,0372
1,0372
401,0372
402,0373
403,0374
404,0374
405,0375
406,0375
407,0376
408,0376
409,0377
410,0378
411,0378
412,0379
413,0379
414,0380
415,0380
416,0381
417,0382
418,0384
419,0384
420,0385
421,0387
422,0387
423,0388
424,0388
425,0389
426,0390
427,0390
428,0392
429,0392
430,0393
431,0395
1,0395
432,0395
433,0395
434,0396
1,0396
435,0396
436,0397
437,0398
438,0398
439,0400
440,0401
441,0402
442,0402
443,0403
444,0404
445,0405
4,0405
5,0405
446,0405
447,0406
448,0408
3,0408
4,0408
449,0409
450,0410
451,0411
452,0415
453,0415
454,0417
455,0418
456,0419
457,0420
1,0421
458,0421
459,0421
460,0422
461,0424
462,0425
463,0426
464,0429
465,0430
466,0431
467,0431
468,0432
469,0432
470,0432
471,0433
472,0433
473,0434
474,0434
475,0435
476,0435
477,0436
478,0436
479,0436
480,0437
481,0438
482,0438
483,0438
2,0438
484,0438
485,0439
1,0439
486,0440
487,0440
1,0441
488,0442
2,0442
489,0443
490,0446
491,0448
492,0448
493,0449
494,0450
495,0452
496,0452
497,0453
498,0454
499,0454
500,0455
501,0455
502,0456
503,0457
504,0458
505,0458
506,0460
507,0460
508,0461
509,0461
510,0462
511,0463
512,0464
513,0466
514,0467
1,0470
515,0470
516,0471
517,0471
518,0472
2,0473
519,0475
520,0475
4,0475
8,0475
521,0477
522,0478
523,0478
524,0479
1,0479
3,0479
525,0480
526,0481
527,0482
528,0482
2,0483
529,0483
3,0484
530,0484
531,0485
532,0485
533,0486
534,0486
535,0489
536,0489
537,0490
2,0490
538,0491
539,0491
1,0492
540,0492
541,0493
542,0494
543,0494
544,0495
1,0495
545,0495
546,0496
547,0496
548,0497
549,0498
550,0498
1,0498
1,0499
551,0499
552,0500
553,0500
554,0502
555,0503
556,0503
2,0503
557,0504
2,0505
558,0505
559,0506
560,0506
561,0507
562,0509
563,0509
5,0509
564,0510
2,0510
565,0511
566,0512
567,0513
568,0514
569,0515
570,0515
571,0517
572,0518
573,0518
1,0519
574,0519
575,0519
576,0520
577,0521
578,0522
579,0522
1,0523
580,0523
581,0524
582,0526
583,0526
1,0527
584,0528
585,0529
586,0530
587,0531
588,0531
589,0532
6,0534
1,0535
3,0535
590,0538
591,0538
592,0539
1,0539
593,0540
594,0541
595,0542
596,0543
597,0544
598,0544
599,0544
600,0545
601,0545
602,0546
603,0546
5,0546
604,0548
605,0548
606,0550
607,0552
608,0553
609,0553
610,0555
611,0556
612,0557
613,0558
614,0558
1,0559
615,0559
616,0560
617,0560
618,0561
619,0562
620,0563
621,0564
622,0565
4,0566
623,0567
624,0567
625,0567
626,0568
627,0568
628,0569
3,0569
4,0570
629,0572
630,0573
1,0573
631,0573
632,0574
1,0574
633,0576
634,0578
635,0579
636,0580
637,0581
638,0582
639,0584
640,0585
641,0586
642,0586
643,0587
644,0588
645,0589
646,0591
647,0591
648,0592
649,0593
650,0595
3,0596
651,0598
652,0598
653,0599
654,0600
655,0601
656,0601
657,0602
658,0605
659,0606
660,0608
661,0610
662,0610
663,0611
664,0612
665,0614
1,0615
666,0615
667,0617
668,0618
669,0619
670,0621
671,0622
672,0623
673,0623
3,0624
674,0624
5,0624
675,0625
676,0625
677,0626
678,0626
679,0626
680,0627
681,0627
682,0628
683,0628
684,0628
685,0629
686,0629
687,0630
688,0630
689,0630
690,0631
691,0631
692,0632
693,0632
694,0633
695,0633
696,0634
697,0635
698,0635
699,0635
700,0637
701,0638
702,0639
703,0639
704,0641
705,0641
706,0642
707,0643
708,0649
709,0650
710,0650
2,0650
711,0651
712,0651
713,0652
714,0653
715,0653
716,0654
3,0654
717,0654
718,0655
2,0656
719,0656
720,0657
721,0658
722,0658
723,0659
724,0659
1,0660
725,0660
726,0660
727,0661
728,0662
729,0663
730,0664
731,0665
3,0665
732,0665
733,0666
5,0666
734,0667
735,0667
736,0668
737,0668
738,0669
1,0672
739,0672
740,0674
741,0675
742,0676
743,0677
744,0678
745,0679
746,0679
747,0680
748,0680
749,0681
3,0681
4,0681
750,0682
751,0682
1,0684
752,0684
753,0685
754,0685
755,0686
756,0686
757,0687
758,0688
759,0688
