1,0001
2,0002
3,0003
4,0005
5,0006
6,0006
7,0007
8,0007
9,0008
10,0008
11,0009
12,0010
13,0010
14,0011
15,0012
16,0013
17,0013
18,0014
19,0015
20,0015
21,0016
22,0017
23,0017
24,0017
25,0018
26,0018
27,0019
28,0020
29,0020
30,0020
31,0021
32,0022
33,0022
34,0022
35,0022
36,0022
37,0022
38,0022
39,0022
40,0023
41,0023
42,0023
43,0023
44,0023
45,0024
46,0024
47,0024
48,0024
49,0024
50,0024
51,0025
52,0025
53,0025
54,0025
55,0025
56,0026
57,0026
58,0026
59,0026
60,0026
61,0027
62,0027
63,0027
64,0027
65,0028
66,0028
67,0028
68,0028
69,0029
70,0029
71,0029
72,0029
73,0029
74,0029
75,0030
76,0030
77,0030
78,0030
79,0030
80,0030
81,0031
82,0031
83,0031
84,0031
85,0031
86,0031
87,0031
88,0032
89,0032
90,0032
91,0032
92,0032
93,0032
94,0032
95,0033
96,0033
97,0033
98,0033
99,0033
100,0033
101,0034
102,0034
103,0034
104,0034
105,0034
106,0034
107,0034
108,0035
109,0035
110,0035
111,0035
112,0035
113,0035
114,0035
115,0036
116,0036
117,0036
118,0036
119,0037
120,0037
121,0038
122,0038
123,0038
124,0038
125,0039
126,0039
127,0039
128,0040
129,0040
130,0040
131,0041
132,0041
133,0042
134,0042
135,0042
136,0043
137,0043
138,0043
139,0043
140,0044
141,0044
142,0044
143,0045
144,0045
145,0045
146,0045
147,0046
148,0046
149,0047
150,0047
151,0047
152,0048
153,0048
154,0049
155,0049
156,0050
157,0050
158,0050
159,0051
160,0051
161,0051
162,0052
163,0052
164,0052
165,0053
166,0053
167,0053
168,0053
169,0053
170,0054
171,0054
172,0054
173,0055
174,0055
175,0056
176,0056
177,0056
178,0056
179,0057
180,0057
181,0057
182,0057
183,0058
184,0058
185,0059
186,0059
187,0059
188,0059
189,0060
190,0060
191,0061
192,0061
193,0061
194,0062
195,0062
196,0062
197,0062
198,0062
199,0063
200,0063
201,0064
202,0064
203,0064
204,0065
205,0065
206,0066
207,0066
208,0066
209,0067
210,0067
211,0067
212,0068
213,0068
214,0068
215,0069
216,0069
217,0069
218,0069
219,0069
220,0070
221,0070
222,0070
223,0071
224,0071
225,0071
226,0071
227,0072
228,0072
229,0072
230,0072
231,0073
232,0073
233,0073
234,0074
235,0074
236,0074
237,0074
238,0074
239,0075
240,0075
241,0075
242,0075
243,0076
244,0076
245,0076
246,0076
247,0077
248,0077
249,0077
250,0077
251,0078
252,0078
253,0079
254,0079
255,0079
256,0079
257,0080
258,0080
259,0080
260,0081
261,0081
262,0081
263,0082
264,0082
265,0082
266,0082
267,0083
268,0083
269,0083
270,0084
271,0084
272,0084
273,0085
274,0085
275,0085
276,0086
277,0086
278,0087
279,0088
280,0088
281,0088
282,0089
283,0089
284,0090
285,0090
286,0090
287,0091
288,0091
289,0092
290,0094
291,0094
292,0095
293,0095
294,0096
295,0096
296,0097
297,0098
298,0098
299,0098
300,0099
301,0099
302,0099
303,0099
304,0100
305,0100
306,0100
307,0101
308,0101
309,0101
310,0101
311,0101
312,0102
313,0102
314,0102
315,0103
316,0103
317,0103
318,0104
319,0104
320,0104
321,0105
322,0105
323,0105
324,0106
325,0106
326,0106
327,0107
328,0107
329,0107
330,0107
331,0108
332,0108
333,0108
334,0108
335,0108
336,0109
337,0109
338,0109
339,0109
340,0109
341,0110
342,0110
343,0110
344,0111
345,0111
346,0111
347,0111
348,0112
349,0112
350,0112
351,0112
352,0112
353,0113
354,0113
355,0113
356,0114
357,0114
358,0114
359,0114
360,0115
361,0115
362,0115
363,0115
364,0115
365,0116
366,0116
367,0116
368,0117
369,0117
370,0117
371,0118
372,0118
373,0118
374,0118
375,0119
376,0119
377,0119
378,0120
379,0120
380,0120
381,0120
382,0120
383,0121
384,0121
385,0121
386,0121
387,0122
388,0122
389,0122
390,0123
391,0123
392,0123
393,0123
394,0124
395,0124
396,0124
397,0125
398,0125
399,0125
400,0125
401,0125
402,0125
403,0126
404,0126
405,0126
406,0127
407,0127
408,0127
409,0128
410,0128
411,0128
412,0129
413,0129
414,0129
415,0130
416,0130
417,0130
418,0130
419,0131
420,0131
421,0132
422,0132
423,0133
424,0133
425,0133
426,0134
427,0134
428,0135
429,0135
430,0135
431,0135
432,0135
433,0136
434,0136
435,0137
436,0137
437,0138
438,0138
439,0138
440,0139
441,0139
442,0140
443,0140
444,0141
445,0141
446,0142
447,0142
448,0142
449,0143
450,0143
451,0144
452,0144
453,0145
454,0145
455,0145
456,0146
457,0146
458,0147
459,0147
460,0148
461,0148
462,0149
463,0149
464,0150
465,0150
466,0151
467,0151
468,0152
469,0152
470,0153
471,0153
472,0154
473,0154
474,0155
475,0155
476,0155
477,0156
478,0157
479,0157
480,0158
481,0158
482,0159
483,0159
484,0160
485,0160
486,0161
487,0161
488,0162
489,0162
490,0162
491,0162
492,0163
493,0163
494,0163
495,0164
496,0164
497,0164
498,0164
499,0165
500,0165
501,0165
502,0166
503,0166
504,0167
505,0167
506,0168
507,0168
508,0168
509,0168
510,0168
511,0169
512,0169
513,0169
514,0170
515,0170
516,0171
517,0171
518,0172
519,0172
520,0173
521,0173
522,0173
523,0174
524,0174
525,0174
526,0175
527,0175
528,0175
529,0175
530,0176
531,0176
532,0176
533,0176
534,0177
535,0177
536,0177
537,0178
538,0178
539,0178
540,0179
541,0179
542,0179
543,0179
544,0180
545,0180
546,0180
547,0180
548,0180
549,0180
550,0181
551,0181
552,0181
553,0182
554,0182
555,0182
556,0182
557,0182
558,0183
559,0183
560,0183
561,0183
562,0184
563,0184
564,0184
565,0184
566,0185
567,0185
568,0185
569,0186
570,0186
571,0186
572,0186
573,0186
574,0187
575,0187
576,0187
577,0188
578,0188
579,0188
580,0189
581,0189
582,0189
583,0189
584,0190
585,0190
586,0190
587,0191
588,0191
589,0191
590,0192
591,0192
592,0192
593,0193
594,0193
595,0194
596,0194
597,0194
598,0195
599,0195
600,0195
601,0196
602,0196
603,0196
604,0196
605,0197
606,0197
607,0198
608,0198
609,0199
610,0199
611,0199
612,0200
613,0200
614,0201
615,0201
616,0201
617,0202
618,0202
619,0202
620,0203
621,0203
622,0204
623,0204
624,0204
625,0204
626,0205
627,0205
628,0205
629,0206
630,0206
631,0206
632,0207
633,0207
634,0207
635,0208
636,0208
637,0209
638,0209
639,0210
640,0210
641,0210
642,0211
643,0211
644,0211
645,0212
646,0212
647,0213
648,0213
649,0214
650,0214
651,0215
652,0215
653,0216
654,0216
655,0216
656,0216
657,0217
658,0217
659,0217
660,0217
661,0218
662,0218
663,0218
664,0218
665,0219
666,0219
667,0220
668,0220
669,0221
670,0221
671,0222
672,0222
673,0222
674,0222
675,0223
676,0223
677,0223
678,0223
679,0224
680,0224
681,0225
682,0225
683,0226
684,0226
685,0227
686,0227
687,0228
688,0228
689,0228
690,0228
691,0229
692,0229
693,0229
694,0229
695,0230
696,0230
697,0230
698,0231
699,0231
700,0232
701,0232
702,0232
703,0233
704,0233
705,0233
706,0233
707,0234
708,0234
709,0234
710,0235
711,0235
712,0235
713,0236
714,0236
715,0236
716,0236
717,0237
718,0237
719,0237
720,0238
721,0238
722,0238
723,0239
724,0239
725,0240
726,0240
727,0240
728,0241
729,0241
730,0242
731,0242
732,0242
733,0243
734,0243
735,0243
736,0243
737,0244
738,0244
739,0245
740,0245
741,0245
742,0245
743,0246
744,0246
745,0246
746,0247
747,0247
748,0248
749,0248
750,0248
751,0249
752,0249
753,0249
754,0250
755,0250
756,0250
757,0250
758,0251
759,0251
760,0251
761,0252
762,0252
763,0252
764,0253
765,0253
766,0253
767,0254
768,0254
769,0255
770,0255
771,0255
772,0256
773,0256
774,0256
775,0256
776,0256
777,0257
778,0257
779,0258
780,0258
781,0258
782,0259
783,0259
784,0259
785,0260
786,0260
787,0260
788,0261
789,0261
790,0262
791,0262
792,0262
793,0263
794,0264
795,0264
796,0264
797,0265
798,0265
799,0265
800,0265
801,0266
802,0266
803,0266
804,0267
805,0269
806,0269
807,0270
808,0270
809,0271
810,0271
811,0272
812,0272
813,0272
814,0273
815,0273
816,0273
817,0274
818,0274
819,0274
820,0275
821,0275
822,0275
823,0275
824,0276
825,0276
826,0277
827,0277
828,0278
829,0279
830,0279
831,0280
832,0280
833,0281
834,0281
835,0282
836,0282
837,0282
838,0283
839,0283
840,0283
841,0283
842,0284
843,0284
844,0284
845,0285
846,0285
847,0285
848,0286
849,0286
850,0286
851,0287
852,0287
853,0287
854,0287
855,0288
856,0288
857,0288
858,0288
859,0288
860,0288
861,0289
862,0289
863,0289
864,0290
865,0290
866,0290
867,0290
868,0291
869,0291
870,0292
871,0292
872,0292
873,0293
874,0293
875,0293
876,0293
877,0294
878,0294
879,0295
880,0295
881,0295
882,0296
883,0297
884,0297
885,0297
886,0298
887,0298
888,0298
889,0299
890,0300
891,0300
892,0301
893,0302
894,0302
895,0302
896,0303
897,0304
898,0305
899,0305
900,0306
901,0307
902,0307
903,0308
904,0309
905,0310
906,0310
907,0310
908,0311
909,0311
910,0311
911,0312
912,0313
913,0313
914,0313
915,0313
916,0313
917,0313
918,0314
919,0314
920,0314
921,0315
922,0315
923,0315
924,0315
925,0315
926,0316
927,0316
928,0317
929,0317
930,0317
931,0317
932,0318
933,0318
934,0318
935,0318
936,0319
937,0319
938,0319
939,0320
940,0320
941,0320
942,0321
943,0321
944,0322
945,0322
946,0322
947,0323
948,0323
949,0324
950,0324
951,0325
952,0325
953,0325
954,0326
955,0326
956,0327
957,0328
958,0329
959,0329
960,0329
961,0330
962,0331
963,0331
964,0332
965,0333
966,0334
967,0334
968,0335
969,0336
970,0337
971,0337
972,0337
973,0338
974,0338
975,0338
976,0339
977,0339
978,0339
979,0340
980,0340
981,0340
982,0340
983,0340
984,0341
985,0341
986,0342
987,0342
988,0343
989,0343
990,0343
991,0343
992,0344
993,0344
994,0344
995,0344
996,0345
997,0345
998,0345
999,0346
1000,0346
1001,0346
1002,0346
1003,0347
1004,0348
1005,0348
1006,0348
1007,0349
1008,0350
1009,0351
1010,0352
1011,0352
1012,0353
1013,0353
1014,0354
1015,0355
1016,0356
1017,0356
1018,0357
1019,0357
1020,0357
1021,0358
1022,0358
1023,0359
1024,0359
1025,0359
1026,0359
1027,0360
1028,0360
1029,0360
1030,0360
1031,0361
1032,0361
1033,0362
1034,0363
1035,0363
1036,0364
1037,0365
1038,0365
1039,0365
1040,0366
1041,0366
1042,0366
1043,0366
1044,0367
1045,0367
1046,0368
1047,0368
1048,0368
1049,0368
1050,0369
1051,0369
1052,0369
1053,0370
1054,0370
1055,0371
1056,0371
1057,0371
1058,0372
1059,0372
1060,0372
1061,0373
1062,0373
1063,0374
1064,0374
1065,0374
1066,0375
1067,0375
1068,0376
1069,0376
1070,0376
1071,0376
1072,0377
1073,0377
1074,0378
1075,0378
1076,0379
1077,0379
1078,0379
1079,0380
1080,0380
1081,0380
1082,0380
1083,0381
1084,0381
1085,0381
1086,0382
1087,0382
1088,0382
1089,0383
1090,0383
1091,0384
1092,0384
1093,0384
1094,0385
1095,0385
1096,0386
1097,0386
1098,0386
1099,0387
1100,0387
1101,0388
1102,0388
1103,0389
1104,0389
1105,0389
1106,0389
1107,0390
1108,0390
1109,0391
1110,0391
1111,0391
1112,0391
1113,0391
1114,0392
1115,0393
1116,0393
1117,0394
1118,0394
1119,0394
1120,0394
1121,0395
1122,0395
1123,0395
1124,0396
1125,0396
1126,0396
1127,0397
1128,0397
1129,0397
1130,0398
1131,0398
1132,0398
1133,0399
1134,0399
1135,0400
1136,0400
1137,0401
1138,0401
1139,0402
1140,0402
1141,0402
1142,0403
1143,0403
1144,0404
1145,0404
1146,0404
1147,0405
1148,0405
1149,0405
1150,0405
1151,0405
1152,0405
1153,0406
1154,0407
1155,0407
1156,0407
1157,0408
1158,0408
1159,0408
1160,0409
1161,0409
1162,0410
1163,0410
1164,0411
1165,0411
1166,0411
1167,0412
1168,0412
1169,0413
1170,0413
1171,0414
1172,0414
1173,0414
1174,0415
1175,0415
1176,0415
1177,0416
1178,0416
1179,0416
1180,0417
1181,0417
1182,0418
1183,0418
1184,0419
1185,0419
1186,0420
1187,0420
1188,0420
1189,0420
1190,0421
1191,0421
1192,0421
1193,0421
1194,0422
1195,0422
1196,0423
1197,0423
1198,0424
1199,0424
1200,0424
1201,0425
1202,0425
1203,0426
1204,0427
1205,0427
1206,0427
1207,0428
1208,0428
1209,0428
1210,0429
1211,0429
1212,0429
1213,0430
1214,0430
1215,0430
1216,0431
1217,0432
1218,0432
1219,0432
1220,0433
1221,0434
1222,0434
1223,0436
1224,0436
1225,0437
1226,0437
1227,0437
1228,0438
1229,0439
1230,0439
1231,0440
1232,0441
1233,0441
1234,0442
1235,0443
1236,0444
1237,0444
1238,0445
1239,0445
1240,0446
1241,0448
1242,0450
1243,0451
1244,0452
1245,0453
1246,0454
1247,0456
1248,0456
1249,0457
1250,0457
1251,0459
1252,0461
1253,0463
1254,0465
1255,0467
1256,0468
1257,0469
1258,0469
1259,0469
1260,0469
1261,0470
1262,0470
1263,0471
1264,0472
1265,0472
1266,0472
1267,0474
1268,0475
1269,0476
1270,0476
1271,0476
1272,0477
1273,0478
1274,0479
1275,0479
1276,0480
1277,0480
1278,0484
1279,0486
1280,0488
1281,0488
1282,0489
1283,0489
1284,0493
1285,0495
1286,0496
1287,0497
1288,0498
1289,0499
1290,0500
1291,0500
1292,0500
1293,0501
1294,0501
1295,0502
1296,0502
1297,0503
1298,0503
1299,0504
1300,0505
1301,0506
1302,0507
1303,0507
1304,0507
1305,0507
1306,0509
1307,0510
1308,0512
1309,0513
1310,0513
1311,0515
1312,0516
1313,0517
1314,0517
1315,0518
1316,0519
1317,0520
1318,0522
1319,0523
1320,0525
1321,0527
1322,0528
1323,0528
1324,0529
1325,0529
1326,0529
1327,0529
1328,0530
1329,0531
1330,0531
1331,0532
1332,0532
1333,0534
1334,0535
1335,0536
1336,0536
1337,0536
1338,0537
1339,0538
1340,0539
1341,0539
1342,0540
1343,0540
1344,0544
1345,0546
1346,0548
1347,0548
1348,0549
1349,0549
1350,0552
1351,0555
1352,0556
1353,0558
1354,0559
1355,0559
1356,0560
1357,0560
1358,0560
1359,0560
1360,0561
1361,0561
1362,0561
1363,0562
1364,0562
1365,0562
1366,0563
1367,0564
1368,0565
1369,0565
1370,0565
1371,0565
1372,0567
1373,0568
1374,0568
1375,0569
1376,0570
1377,0571
1378,0571
1379,0572
1380,0572
1381,0573
1382,0573
1383,0574
1384,0575
1385,0576
1386,0576
1387,0577
1388,0579
1389,0580
1390,0580
1391,0581
1392,0581
1393,0581
1394,0583
1395,0584
1396,0584
1397,0585
1398,0586
1399,0587
1400,0588
1401,0589
1402,0589
1403,0590
1404,0590
1405,0592
1406,0592
1407,0593
1408,0593
1409,0594
1410,0597
1411,0600
1412,0601
1413,0601
1414,0603
1415,0603
1416,0607
1417,0610
1418,0611
1419,0614
1420,0616
1421,0616
1422,0617
1423,0617
1424,0617
1425,0617
1426,0617
1427,0618
1428,0618
1429,0619
1430,0619
1431,0619
1432,0620
1433,0621
1434,0622
1435,0622
1436,0622
1437,0623
1438,0624
1439,0625
1440,0626
1441,0627
1442,0627
1443,0628
1444,0629
1445,0630
1446,0630
1447,0631
1448,0631
1449,0632
1450,0633
1451,0634
1452,0635
1453,0635
1454,0637
1455,0638
1456,0639
1457,0639
1458,0639
1459,0639
1460,0641
1461,0642
1462,0643
1463,0643
1464,0644
1465,0646
1466,0647
1467,0648
1468,0648
1469,0648
1470,0649
1471,0650
1472,0651
1473,0651
1474,0652
1475,0653
1476,0656
1477,0659
1478,0661
1479,0661
1480,0662
1481,0663
1482,0666
1483,0670
1484,0671
1495,0674
1496,0675
1497,0676
1498,0677
1499,0677
1500,0678
1501,0678
1502,0678
1503,0679
1504,0679
1505,0680
1506,0680
1507,0681
1508,0682
1509,0683
1510,0683
1511,0684
1512,0684
1513,0684
1514,0686
1515,0687
1516,0688
1517,0689
1518,0689
1519,0692
1520,0693
1521,0694
1522,0695
1523,0695
1524,0696
1525,0698
1526,0700
1527,0702
1528,0703
1529,0704
1530,0704
1531,0705
1532,0706
1533,0706
1534,0706
1535,0706
1536,0707
1537,0708
1538,0708
1539,0709
1540,0709
1541,0711
1542,0712
1543,0712
1544,0713
1545,0713
1546,0713
1547,0715
1548,0716
1549,0717
1550,0718
1551,0719
1552,0721
1553,0722
1554,0723
1555,0723
1556,0724
1557,0725
1558,0727
1559,0729
1560,0730
1561,0732
1562,0734
1563,0735
1564,0735
1565,0736
1566,0737
1567,0738
1568,0739
1569,0739
1570,0740
1571,0741
1572,0742
1573,0743
1574,0744
1575,0745
1576,0746
1577,0747
1578,0749
1579,0750
1580,0751
1581,0752
