1,0001
2,0001
3,0001
4,0002
5,0002
6,0002
7,0003
8,0003
9,0003
10,0004
11,0004
12,0004
13,0005
14,0006
15,0006
16,0007
17,0007
18,0008
19,0008
20,0010
21,0010
22,0011
23,0011
24,0011
25,0012
26,0013
27,0014
28,0014
29,0014
30,0015
31,0015
32,0017
33,0017
34,0018
35,0018
36,0019
37,0019
38,0019
39,0019
40,0020
41,0020
42,0020
43,0020
44,0020
45,0022
46,0023
47,0025
48,0025
49,0026
50,0029
51,0030
52,0031
53,0031
54,0032
55,0033
56,0034
57,0036
58,0037
59,0038
60,0042
61,0042
62,0043
63,0043
64,0044
65,0046
66,0047
67,0050
68,0050
69,0051
70,0055
71,0056
72,0057
73,0057
74,0058
75,0059
76,0060
77,0062
78,0063
79,0064
80,0068
81,0068
82,0069
83,0069
84,0070
85,0071
86,0073
87,0074
88,0074
89,0075
90,0077
91,0078
92,0079
93,0080
94,0081
95,0082
96,0083
97,0085
98,0085
99,0085
100,0085
516,0085
74,0086
101,0087
102,0087
103,0090
104,0091
105,0091
106,0092
107,0093
108,0094
109,0095
110,0096
111,0097
112,0098
113,0100
114,0101
115,0101
116,0102
117,0103
118,0104
119,0104
120,0105
121,0105
122,0106
300,0106
123,0108
124,0108
125,0108
126,0108
127,0109
128,0109
129,0110
130,0110
131,0112
132,0112
133,0116
134,0117
135,0117
136,0118
137,0119
138,0120
139,0121
140,0122
141,0123
142,0124
143,0126
144,0127
145,0127
146,0128
147,0128
148,0128
149,0128
150,0128
151,0129
152,0129
153,0129
154,0129
155,0130
156,0130
157,0130
158,0131
159,0131
160,0133
161,0133
162,0136
163,0136
164,0136
165,0136
166,0136
167,0136
168,0137
169,0137
170,0137
171,0138
172,0138
173,0138
174,0138
175,0138
176,0139
177,0139
178,0139
179,0139
180,0139
181,0140
182,0140
183,0140
184,0140
185,0140
186,0140
187,0141
188,0141
189,0141
190,0141
191,0141
192,0142
193,0142
194,0142
195,0142
196,0143
197,0143
198,0143
199,0143
200,0143
201,0144
202,0144
203,0144
204,0144
205,0144
206,0144
207,0145
208,0145
209,0145
210,0145
211,0145
212,0145
213,0146
214,0146
215,0146
216,0146
217,0146
218,0146
219,0147
220,0147
221,0147
222,0147
223,0148
224,0148
225,0151
226,0152
227,0152
228,0153
229,0154
230,0155
231,0156
232,0156
233,0158
234,0159
235,0160
236,0161
237,0162
238,0162
74,0162
239,0163
240,0163
241,0164
242,0165
243,0165
244,0169
245,0170
246,0170
247,0171
248,0173
249,0174
250,0175
251,0175
252,0177
253,0178
254,0179
255,0181
256,0181
257,0181
258,0182
259,0182
260,0182
261,0182
262,0183
263,0183
264,0183
265,0183
266,0183
267,0184
268,0184
269,0184
270,0185
271,0185
272,0185
273,0185
274,0185
275,0186
276,0186
277,0186
278,0187
279,0187
280,0187
281,0188
282,0188
283,0188
284,0189
285,0189
286,0190
287,0190
288,0190
289,0191
290,0191
291,0192
292,0192
293,0192
294,0193
295,0193
296,0193
297,0193
298,0193
299,0193
300,0193
301,0194
302,0194
303,0194
304,0194
305,0194
306,0195
307,0195
308,0196
309,0197
310,0197
311,0198
312,0199
313,0200
314,0200
315,0201
316,0201
317,0202
318,0203
319,0204
320,0204
321,0206
322,0206
323,0207
324,0207
325,0208
326,0209
327,0210
328,0211
329,0211
330,0211
331,0211
332,0211
333,0212
334,0212
335,0212
336,0212
337,0213
338,0213
339,0213
340,0213
341,0213
342,0214
343,0215
344,0215
345,0217
346,0218
347,0220
348,0220
349,0220
350,0221
351,0221
352,0222
353,0222
354,0223
355,0223
356,0224
357,0224
358,0225
359,0225
360,0226
361,0227
362,0227
363,0228
364,0228
365,0228
366,0229
367,0229
368,0229
369,0230
370,0230
371,0231
372,0232
373,0232
374,0233
375,0233
376,0233
377,0234
378,0234
379,0235
380,0235
381,0236
382,0236
383,0237
384,0237
385,0238
386,0238
387,0239
388,0239
389,0240
390,0241
391,0241
392,0242
393,0242
394,0243
395,0243
396,0243
397,0244
398,0245
399,0245
400,0246
401,0246
402,0247
403,0247
404,0247
405,0248
406,0248
407,0249
408,0249
409,0249
410,0250
411,0250
412,0251
413,0252
414,0252
415,0253
416,0253
417,0254
418,0254
419,0255
420,0255
421,0255
422,0255
423,0255
424,0256
425,0256
426,0256
427,0256
428,0256
429,0256
430,0256
431,0257
432,0258
433,0258
434,0259
435,0259
436,0259
437,0259
438,0260
439,0260
440,0260
441,0261
442,0261
443,0262
444,0263
445,0263
446,0264
447,0265
448,0266
449,0266
450,0268
451,0269
452,0271
453,0271
454,0271
455,0271
456,0271
457,0272
458,0272
459,0272
460,0274
461,0274
462,0277
463,0277
464,0278
465,0279
466,0280
467,0280
468,0280
469,0281
470,0281
471,0281
472,0281
473,0282
474,0282
475,0282
476,0282
477,0282
478,0282
479,0283
480,0283
481,0283
482,0284
483,0284
484,0284
485,0285
486,0285
487,0285
488,0286
489,0286
490,0286
491,0286
492,0287
493,0287
494,0287
495,0288
496,0288
497,0288
498,0288
499,0288
500,0289
501,0289
502,0289
503,0290
504,0290
505,0292
506,0292
507,0292
508,0293
509,0293
510,0294
511,0294
512,0295
513,0295
514,0295
515,0296
516,0296
517,0297
518,0297
519,0297
520,0298
521,0298
522,0298
523,0299
524,0299
525,0299
526,0300
527,0300
528,0300
529,0301
530,0301
531,0301
532,0301
533,0302
534,0302
535,0302
536,0303
537,0303
538,0304
539,0304
540,0304
541,0305
542,0306
543,0306
544,0307
545,0307
546,0307
547,0307
548,0308
549,0308
550,0308
551,0308
552,0309
553,0309
554,0309
555,0310
556,0310
557,0310
558,0310
559,0310
560,0310
561,0311
562,0312
563,0312
564,0314
565,0314
566,0315
567,0315
568,0316
569,0317
570,0317
571,0317
572,0317
573,0317
574,0317
575,0317
576,0318
577,0318
578,0319
579,0319
580,0319
581,0320
582,0320
583,0320
584,0320
585,0320
586,0320
587,0321
588,0321
589,0321
590,0322
591,0323
592,0323
593,0324
594,0325
595,0325
596,0326
597,0327
598,0327
599,0328
600,0330
601,0330
602,0331
603,0331
604,0331
605,0333
606,0333
607,0333
608,0335
609,0335
610,0336
611,0336
612,0336
613,0338
614,0338
615,0338
616,0338
617,0338
618,0338
619,0339
620,0339
621,0339
622,0339
623,0339
624,0339
625,0339
626,0340
627,0340
628,0340
629,0340
630,0341
631,0341
632,0341
633,0342
634,0342
635,0342
636,0342
637,0343
638,0343
639,0344
640,0344
641,0344
642,0344
643,0344
644,0345
645,0345
646,0345
647,0345
648,0346
649,0346
650,0346
651,0346
652,0346
653,0347
654,0347
655,0347
656,0347
657,0347
658,0347
659,0347
660,0348
661,0348
662,0348
663,0348
664,0349
665,0349
666,0349
667,0349
668,0349
669,0349
670,0349
671,0350
672,0350
673,0350
674,0350
675,0350
676,0351
677,0351
678,0351
679,0351
680,0351
681,0352
682,0352
683,0352
684,0353
685,0353
686,0353
687,0353
688,0353
689,0353
690,0353
691,0354
692,0354
693,0354
694,0354
695,0354
696,0354
697,0354
698,0355
699,0355
700,0355
701,0355
702,0355
703,0355
704,0355
705,0355
706,0355
707,0356
708,0356
709,0356
710,0356
711,0356
712,0356
713,0357
714,0357
715,0357
716,0357
717,0358
718,0358
719,0358
720,0358
721,0359
722,0359
723,0359
724,0359
725,0360
726,0360
727,0360
728,0360
729,0361
730,0361
731,0361
732,0361
733,0363
734,0363
735,0364
736,0364
737,0365
738,0366
739,0367
740,0368
741,0369
742,0370
743,0370
744,0371
745,0371
746,0373
747,0373
748,0374
749,0374
750,0375
751,0375
752,0377
753,0378
754,0380
755,0380
756,0380
757,0381
758,0382
759,0383
760,0383
761,0383
762,0384
763,0385
764,0386
765,0386
766,0387
767,0388
768,0388
769,0389
770,0391
771,0392
772,0394
773,0395
774,0396
775,0396
776,0397
777,0398
778,0398
779,0399
780,0399
781,0399
782,0400
783,0400
784,0400
785,0403
786,0404
787,0412
788,0414
789,0415
790,0415
791,0417
792,0417
793,0418
794,0418
795,0419
796,0420
797,0422
798,0426
799,0427
800,0427
801,0430
802,0430
803,0434
804,0438
805,0439
806,0439
807,0439
808,0440
809,0440
810,0440
811,0440
812,0441
813,0441
814,0441
815,0441
816,0442
817,0442
818,0442
819,0442
820,0443
821,0443
822,0443
823,0444
824,0444
825,0445
826,0446
827,0446
828,0447
829,0448
830,0449
831,0450
832,0450
833,0452
834,0452
835,0452
836,0453
837,0453
838,0454
839,0454
840,0458
841,0459
842,0460
843,0460
844,0461
845,0463
846,0465
847,0466
848,0467
849,0467
850,0468
851,0469
852,0469
853,0470
854,0470
855,0470
856,0470
857,0471
858,0471
859,0471
860,0471
861,0471
862,0472
863,0472
864,0473
865,0473
866,0473
867,0473
868,0473
869,0474
870,0474
871,0474
872,0474
873,0474
874,0475
875,0475
876,0475
877,0475
878,0475
879,0475
880,0476
881,0476
882,0476
883,0476
884,0477
885,0477
886,0477
887,0478
888,0478
889,0478
890,0479
891,0479
892,0479
893,0480
894,0480
895,0480
896,0480
897,0481
898,0481
899,0481
900,0481
901,0482
902,0482
903,0482
904,0482
905,0482
906,0483
907,0483
908,0483
909,0484
910,0484
911,0484
912,0485
913,0485
914,0485
915,0485
916,0486
917,0486
918,0486
919,0486
920,0487
921,0487
922,0487
923,0488
924,0488
925,0489
926,0489
927,0491
928,0491
929,0491
930,0492
931,0492
932,0493
933,0494
934,0494
935,0495
936,0495
937,0496
938,0496
939,0496
940,0496
941,0497
942,0497
943,0497
944,0497
945,0497
946,0497
947,0497
948,0497
949,0497
950,0498
951,0499
952,0499
953,0500
954,0500
955,0501
956,0501
957,0502
958,0503
959,0503
960,0504
961,0504
962,0505
963,0506
964,0507
965,0507
966,0507
967,0508
968,0508
969,0508
970,0508
971,0508
972,0508
973,0508
974,0508
975,0509
976,0509
977,0509
978,0509
979,0509
980,0509
981,0509
982,0510
983,0510
984,0510
985,0511
986,0511
987,0511
988,0511
989,0511
990,0511
991,0513
992,0513
993,0514
994,0514
995,0514
996,0514
997,0514
998,0515
999,0515
1000,0515
1001,0515
1002,0516
1003,0516
1004,0516
1005,0517
1006,0517
1007,0517
1008,0517
1009,0518
1010,0518
1011,0518
1012,0521
1013,0521
1014,0523
1015,0523
1016,0523
1017,0524
1018,0525
1019,0525
1020,0526
1021,0526
1022,0527
1023,0527
1024,0527
1025,0527
1026,0528
1027,0528
1028,0528
1029,0528
1030,0529
1031,0529
1032,0529
1033,0530
1034,0530
1035,0530
1036,0530
1037,0531
1038,0531
1039,0532
1040,0532
1041,0532
1042,0533
1043,0533
1044,0533
1045,0533
1046,0533
1047,0534
1048,0534
1049,0534
1050,0534
1051,0535
1052,0535
1053,0535
1054,0536
1055,0536
1056,0536
1057,0537
1058,0537
1059,0537
1060,0537
1061,0538
1062,0538
1063,0538
1064,0538
1065,0539
1066,0539
1067,0539
1068,0539
1069,0540
1070,0540
1071,0540
1072,0541
1073,0541
1074,0541
1075,0542
1076,0542
1077,0542
1078,0542
1079,0542
1080,0543
1081,0543
1082,0543
1083,0543
1084,0544
1085,0544
1086,0544
1087,0544
1088,0545
1089,0547
1090,0548
1091,0550
1092,0551
1093,0552
1094,0553
1095,0553
1096,0554
1097,0562
1098,0562
1099,0564
1100,0564
1101,0565
1102,0566
1103,0566
1104,0567
1105,0567
1106,0568
1107,0570
1108,0573
1109,0575
1110,0576
1111,0577
1112,0578
1113,0579
1114,0582
1115,0583
1116,0585
1117,0587
1118,0587
