2033,0001
2034,0001
2035,0002
2036,0002
2037,0002
2038,0002
2039,0003
2040,0003
2041,0003
2042,0003
2043,0003
2044,0004
2045,0004
2046,0004
2047,0004
2048,0004
2049,0005
2050,0005
2051,0005
2052,0005
2053,0006
2054,0031
2055,0031
2056,0031
2057,0032
2058,0032
2059,0032
2060,0032
2061,0033
2062,0033
2063,0034
2064,0035
2065,0035
2066,0056
2067,0056
2068,0056
2069,0057
2070,0057
2071,0058
2072,0058
2073,0058
2074,0058
2075,0059
2076,0059
2077,0059
2078,0059
2079,0060
2080,0060
2081,0060
2082,0060
2083,0060
2084,0080
2085,0080
2086,0081
2087,0081
2089,0081
2089,0081
2090,0082
2091,0082
2092,0082
2093,0083
2094,0083
2095,0083
2096,0083
2097,0084
2098,0084
2099,0084
2100,0085
2101,0085
2102,0085
2103,0085
2104,0086
2105,0086
2106,0087
2107,0087
2108,0087
2109,0087
2110,0087
2111,0087
2112,0088
2113,0088
2114,0088
2115,0088
2116,0088
2117,0089
2118,0089
2119,0089
2120,0089
2121,0089
2122,0089
2123,0090
2124,0109
2125,0109
2126,0109
2127,0110
2128,0110
2129,0110
2130,0110
2131,0110
2132,0111
2133,0111
2134,0111
2135,0111
2136,0111
2137,0112
2138,0112
2139,0112
2140,0112
2141,0112
2142,0127
2143,0127
2144,0128
2145,0128
2146,0128
2147,0128
2148,0128
2149,0129
2150,0129
2151,0129
2152,0130
2153,0144
2154,0144
2155,0144
2157,0145
2157,0145
2158,0146
2159,0147
2160,0148
2161,0148
2162,0148
2163,0149
2165,0162
2165,0162
2166,0162
2167,0163
2168,0163
2169,0164
2170,0164
2171,0164
2172,0164
2173,0165
2174,0165
2175,0165
2176,0166
2177,0167
2178,0167
2179,0167
2180,0185
2181,0185
2182,0185
2183,0185
2184,0186
2185,0186
2186,0186
2187,0186
2188,0187
2189,0187
2190,0187
2191,0188
2192,0188
2193,0188
2194,0189
2195,0189
2196,0189
2197,0189
2198,0189
2199,0190
2200,0190
2201,0191
2202,0192
2203,0192
2204,0193
2205,0193
2206,0193
2207,0193
2208,0219
2209,0220
2210,0220
2211,0220
2212,0221
2213,0221
2214,0221
2215,0221
2216,0221
2217,0221
2218,0222
2219,0222
2220,0222
2221,0222
2222,0222
2223,0222
2224,0223
2225,0223
2226,0223
2227,0223
2228,0234
2229,0234
2230,0234
2231,0234
2232,0235
2233,0235
2234,0235
2235,0235
2236,0235
2237,0236
2238,0236
2239,0236
2240,0236
2241,0236
2242,0237
2243,0237
2244,0237
2245,0239
2246,0239
2247,0239
2248,0240
2249,0240
2250,0240
2251,0241
2252,0241
2253,0241
2254,0242
2255,0242
2256,0242
2257,0243
2258,0243
2259,0243
2260,0243
2261,0273
2262,0273
2263,0273
2264,0273
2265,0274
2266,0274
2267,0274
2268,0274
2269,0275
2270,0275
2271,0275
2272,0275
2273,0276
2274,0276
2275,0276
2276,0276
2277,0277
2278,0277
2279,0277
2280,0277
2281,0277
2282,0278
2283,0278
2284,0278
2285,0295
2286,0295
2287,0297
2288,0298
2289,0299
2290,0299
2291,0300
2292,0319
2293,0319
2294,0324
2295,0324
2296,0340
2297,0340
2298,0340
2299,0341
2300,0341
2301,0341
2302,0341
2303,0341
2304,0342
2305,0342
2306,0342
2307,0343
2308,0343
2309,0343
2310,0343
2311,0344
2312,0344
2313,0344
2314,0344
2315,0345
2316,0345
2317,0345
2318,0345
2319,0346
2320,0346
2321,0346
2322,0346
2323,0346
2324,0346
2325,0347
2326,0347
2327,0370
2328,0370
2329,0370
2330,0370
2331,0370
2332,0370
2333,0371
2334,0371
2335,0371
2336,0372
2337,0372
2338,0372
2339,0372
2340,0373
2341,0374
2342,0374
2343,0374
2344,0375
2345,0375
2346,0375
2347,0375
2348,0375
2349,0376
2350,0376
2351,0376
2352,0409
2353,0409
2354,0410
2355,0410
2356,0410
2357,0410
2358,0410
2359,0410
2360,0411
2361,0411
2362,0411
2363,0411
2364,0411
2365,0412
2366,0414
2367,0414
2368,0414
2369,0414
2370,0434
2371,0435
2372,0455
2373,0455
2374,0456
2375,0456
2376,0456
2377,0457
2378,0457
2379,0457
2380,0458
2381,0458
2382,0458
2383,0459
2384,0459
2385,0459
2386,0460
2387,0461
2388,0463
2389,0463
2390,0463
2391,0464
2392,0464
2393,0465
2394,0465
2395,0465
2396,0466
2397,0466
2398,0466
2399,0466
2400,0467
2401,0467
2402,0467
2403,0467
2404,0468
2405,0468
2406,0489
2407,0489
2408,0490
2410,0491
2410,0491
2411,0492
2412,0492
2413,0493
2414,0493
2415,0493
2416,0493
2417,0494
2418,0494
2419,0513
2420,0515
2321,0515
2322,0515
2423,0516
2424,0516
2425,0516
2426,0516
2427,0516
2428,0516
2429,0517
2430,0517
2431,0517
2432,0518
2433,0518
2434,0518
2435,0518
2436,0519
2437,0519
2438,0537
2439,0537
2440,0537
2441,0539
2442,0539
2443,0541
2444,0541
2446,0578
2447,0578
2448,0579
2449,0579
2450,0579
2451,0579
2452,0579
2453,0580
2454,0580
2455,0580
2456,0580
2457,0581
2458,0581
2459,0581
2460,0582
2461,0582
2462,0582
2463,0582
2464,0583
2465,0584
2466,0584
2467,0585
2468,0585
2469,0585
2470,0586
2471,0586
2472,0586
2473,0587
2474,0587
2475,0587
2476,0587
2477,0588
2478,0632
2479,0632
2480,0632
2481,0632
2482,0633
2483,0633
2484,0633
2485,0634
2486,0635
2487,0635
2488,0636
2489,0637
2490,0637
2491,0637
2492,0638
2493,0638
2489,0638
2495,0658
2496,0658
2497,0658
2498,0658
2499,0661
2500,0661
2501,0662
2502,0663
2503,0663
2504,0663
2505,0663
2506,0664
2507,0665
2508,0665
2509,0665
2510,0666
2511,0666
2512,0666
2513,0666
2514,0667
2515,0667
2516,0667
2517,0668
2518,0668
2519,0694
2512,0694
2521,0694
2522,0694
2523,0695
2524,0695
2525,0695
2526,0695
2527,0695
2528,0695
2529,0696
2530,0696
2531,0696
2532,0697
2533,0697
2534,0697
2535,0697
2536,0697
2537,0698
2538,0698
2539,0698
2540,0698
2541,0698
2542,0698
2543,0699
2544,0699
2545,0699
2546,0699
2547,0699
2548,0702
2549,0702
