1,0001
2,0002
3,0002
4,0003
5,0004
6,0004
7,0005
8,0005
9,0006
10,0006
11,0007
12,0008
13,0009
14,0009
15,0011
16,0012
17,0012
18,0013
19,0014
20,0014
21,0015
22,0016
23,0016
24,0017
25,0017
26,0018
27,0018
28,0019
29,0019
30,0021
31,0021
32,0022
33,0023
34,0023
35,0024
36,0025
37,0026
38,0026
39,0026
40,0027
41,0028
42,0029
43,0030
44,0030
45,0031
46,0032
47,0033
48,0033
49,0034
50,0034
51,0035
52,0036
53,0036
54,0037
55,0038
56,0039
57,0039
58,0041
59,0041
60,0042
61,0042
62,0043
63,0043
64,0043
65,0043
66,0044
67,0044
68,0044
69,0045
70,0046
71,0046
72,0047
73,0047
74,0047
75,0048
76,0049
77,0049
78,0050
79,0051
80,0051
81,0052
82,0052
83,0053
84,0053
85,0055
86,0055
87,0057
88,0057
89,0059
90,0059
91,0060
92,0061
93,0062
94,0063
95,0064
96,0064
97,0065
98,0066
99,0067
100,0067
101,0069
102,0069
103,0070
104,0070
105,0072
106,0072
107,0073
108,0073
109,0074
110,0075
111,0076
112,0077
113,0079
114,0079
115,0080
116,0080
117,0081
118,0082
119,0083
120,0084
121,0084
122,0085
123,0086
124,0086
125,0087
126,0088
127,0088
128,0089
129,0089
130,0090
131,0090
132,0091
133,0091
134,0091
135,0092
136,0092
137,0093
138,0093
139,0094
140,0094
141,0095
142,0095
143,0096
144,0097
145,0097
146,0098
145,0098
148,0099
149,0099
150,0100
151,0100
152,0101
153,0101
154,0102
155,0103
156,0103
157,0104
158,0104
159,0105
160,0105
161,0106
162,0106
163,0107
164,0107
165,0108
166,0108
167,0109
168,0109
169,0109
170,0110
171,0110
172,0111
173,0111
174,0112
175,0112
176,0113
177,0113
178,0114
179,0114
180,0115
179,0115
182,0116
183,0116
184,0117
185,0117
186,0118
187,0118
188,0119
189,0119
190,0120
191,0120
192,0121
193,0122
194,0122
195,0122
196,0123
197,0123
198,0124
199,0124
200,0125
201,0125
202,0126
203,0126
204,0126
205,0127
206,0127
207,0128
208,0128
209,0129
210,0129
211,0129
212,0130
213,0130
214,0131
215,0131
216,0132
217,0133
218,0133
219,0134
220,0135
221,0135
222,0136
223,0137
224,0137
225,0138
226,0139
227,0139
228,0140
229,0141
230,0141
231,0142
232,0143
233,0143
234,0144
235,0145
236,0145
237,0146
238,0146
239,0147
240,0147
241,0148
242,0148
243,0148
244,0148
245,0149
246,0150
247,0150
248,0151
249,0151
250,0151
251,0152
252,0153
253,0153
254,0153
255,0153
256,0153
257,0154
258,0155
259,0156
260,0157
261,0158
262,0160
263,0160
264,0162
265,0165
266,0165
267,0165
268,0166
269,0166
270,0166
271,0167
272,0167
273,0168
274,0169
275,0170
276,0170
277,0171
278,0172
279,0172
280,0173
281,0173
282,0174
283,0175
284,0175
285,0176
286,0177
287,0177
288,0178
289,0179
290,0180
291,0180
292,0182
293,0182
294,0183
295,0183
296,0184
297,0184
298,0186
299,0187
300,0188
301,0190
302,0191
303,0193
304,0194
305,0195
306,0195
307,0196
308,0197
309,0197
310,0198
311,0199
312,0199
313,0200
314,0200
315,0201
316,0202
317,0202
318,0203
319,0203
320,0204
321,0204
322,0205
323,0206
324,0206
325,0207
326,0207
327,0208
328,0210
329,0210
330,0210
331,0211
332,0211
333,0212
334,0213
335,0213
336,0215
337,0216
338,0218
339,0218
340,0219
341,0220
342,0220
343,0221
344,0221
345,0222
346,0223
347,0224
348,0225
349,0226
350,0226
351,0227
352,0228
353,0228
354,0230
355,0230
356,0231
357,0232
358,0233
359,0234
360,0235
361,0235
362,0236
363,0237
364,0238
365,0239
366,0240
367,0241
368,0242
369,0243
370,0244
371,0245
372,0246
373,0247
374,0248
375,0249
376,0249
377,0250
378,0251
379,0251
380,0252
381,0253
382,0254
383,0255
384,0255
385,0256
386,0256
387,0257
388,0257
389,0257
390,0257
391,0258
392,0259
393,0259
394,0260
395,0261
396,0261
397,0262
398,0262
399,0262
400,0262
401,0263
402,0263
403,0264
404,0265
405,0266
406,0267
407,0268
408,0269
409,0270
410,0271
411,0272
412,0273
413,0274
414,0275
415,0276
416,0277
417,0278
418,0279
419,0280
420,0281
421,0282
422,0283
423,0284
424,0285
425,0285
426,0285
427,0285
428,0286
429,0287
430,0288
431,0289
432,0290
433,0291
434,0292
435,0293
436,0294
437,0295
438,0296
439,0297
440,0298
441,0299
442,0300
443,0301
444,0301
445,0302
446,0303
447,0304
448,0304
449,0305
450,0305
451,0305
452,0306
453,0306
454,0306
455,0307
456,0307
457,0307
458,0308
459,0308
460,0308
461,0308
462,0309
463,0309
464,0310
465,0310
466,0311
467,0311
468,0312
469,0312
470,0313
471,0314
472,0315
473,0315
478,0316
475,0316
476,0317
477,0318
478,0319
479,0320
480,0322
481,0323
482,0326
483,0327
484,0327
485,0328
486,0328
487,0328
488,0329
489,0329
490,0330
491,0330
492,0330
493,0331
494,0331
495,0332
496,0333
497,0334
498,0335
499,0336
500,0337
501,0338
502,0340
503,0341
504,0341
505,0341
506,0342
507,0342
508,0343
509,0344
510,0344
511,0345
512,0346
513,0348
514,0349
515,0351
516,0351
517,0355
518,0355
509,0355
520,0356
477,0358
1,0359
2,0360
3,0361
4,0362
5,0362
6,0363
7,0363
8,0363
9,0364
10,0364
11,0365
12,0366
13,0366
14,0366
15,0367
16,0368
17,0368
18,0368
19,0370
20,0371
21,0372
22,0373
23,0374
24,0374
25,0374
26,0375
27,0376
28,0376
29,0377
30,0378
31,0379
32,0379
33,0380
34,0380
35,0380
36,0381
37,0382
38,0383
39,0383
40,0384
41,0385
42,0385
43,0386
44,0386
45,0387
46,0387
47,0387
48,0388
49,0389
50,0389
51,0390
52,0391
53,0391
54,0392
55,0392
56,0392
57,0393
58,0394
59,0395
60,0396
61,0396
62,0396
63,0397
64,0397
65,0397
66,0398
67,0399
68,0399
69,0399
70,0399
71,0400
72,0401
73,0401
74,0401
75,0401
76,0401
77,0402
78,0402
79,0403
80,0403
81,0404
82,0404
83,0405
84,0405
85,0406
86,0406
87,0407
88,0407
89,0408
90,0408
91,0409
92,0409
93,0410
94,0411
95,0411
96,0412
97,0413
98,0413
99,0414
100,0414
101,0415
102,0416
103,0416
104,0416
105,0417
106,0417
107,0418
108,0419
109,0420
110,0420
111,0421
112,0421
113,0422
114,0423
115,0424
116,0424
117,0425
118,0425
119,0426
120,0427
121,0427
122,0427
123,0427
124,0428
125,0428
126,0429
127,0430
128,0430
129,0430
130,0431
131,0432
132,0433
133,0434
134,0435
135,0436
136,0437
137,0438
138,0439
139,0440
140,0440
141,0440
142,0441
143,0441
144,0442
145,0442
146,0443
147,0444
148,0445
149,0445
150,0446
151,0446
152,0447
153,0447
154,0448
155,0449
156,0450
157,0450
158,0451
159,0452
160,0453
161,0454
162,0455
163,0455
164,0456
165,0456
166,0457
167,0458
168,0458
169,0458
170,0459
171,0459
172,0461
173,0461
174,0462
175,0463
176,0463
177,0464
178,0464
179,0465
180,0465
181,0466
182,0466
183,0467
184,0467
185,0468
186,0468
187,0469
188,0469
189,0470
190,0470
191,0471
192,0471
193,0472
194,0472
195,0473
196,0473
197,0474
198,0474
199,0475
200,0475
201,0476
202,0476
203,0477
204,0477
205,0478
206,0478
207,0479
208,0479
209,0480
210,0480
211,0481
212,0481
213,0481
214,0482
215,0482
216,0482
217,0483
218,0483
219,0483
220,0483
221,0485
222,0486
223,0486
224,0486
225,0487
226,0487
227,0488
228,0488
229,0488
230,0489
231,0489
232,0489
233,0490
239,0490
235,0491
236,0491
237,0491
238,0491
239,0492
240,0493
241,0494
242,0495
243,0496
244,0497
245,0498
246,0499
247,0500
248,0501
249,0502
250,0503
251,0504
252,0505
253,0506
254,0507
255,0508
256,0509
257,0510
258,0511
259,0511
260,0512
261,0512
262,0513
263,0514
264,0515
265,0515
266,0516
267,0516
268,0517
269,0519
270,0520
271,0521
272,0522
273,0523
274,0525
275,0526
276,0528
277,0529
278,0531
279,0533
280,0534
281,0535
282,0536
283,0537
284,0539
285,0540
286,0541
287,0542
288,0543
289,0544
290,0545
291,0546
292,0547
293,0548
294,0549
295,0550
296,0551
297,0552
298,0553
299,0555
300,0556
301,0557
302,0558
303,0559
304,0560
305,0561
306,0562
307,0564
308,0565
309,0566
310,0567
311,0568
312,0569
313,0570
314,0571
315,0571
316,0572
317,0572
318,0573
319,0573
320,0575
321,0576
322,0577
323,0579
324,0580
325,0581
326,0582
327,0584
328,0585
329,0586
330,0587
331,0588
332,0589
333,0590
334,0591
335,0592
336,0593
337,0594
338,0595
339,0595
340,0596
341,0596
342,0597
343,0597
344,0597
345,0598
346,0598
347,0598
348,0599
349,0600
350,0600
351,0601
352,0601
353,0601
354,0601
355,0602
356,0602
357,0603
358,0603
359,0604
360,0605
361,0605
362,0607
363,0607
364,0608
365,0608
366,0609
367,0610
368,0610
369,0612
370,0612
371,0614
372,0616
373,0617
374,0618
375,0619
376,0621
377,0622
378,0624
379,0626
380,0626
381,0628
382,0630
383,0632
384,0633
385,0633
386,0634
387,0635
388,0635
389,0636
390,0638
391,0638
392,0639
393,0639
394,0641
395,0642
396,0644
397,0644
398,0646
399,0647
400,0648
401,0648
402,0649
403,0649
404,0650
405,0650
406,0650
407,0651
408,0652
409,0653
410,0654
411,0655
412,0656
413,0657
414,0657
415,0657
416,0658
417,0658
418,0659
419,0659
420,0659
421,0660
422,0660
423,0660
424,0661
425,0661
426,0661
427,0662
428,0662
429,0663
430,0663
431,0663
432,0663
433,0664
434,0664
435,0664
436,0664
437,0665
438,0665
439,0665
440,0665
441,0666
442,0666
443,0666
444,0666
445,0667
446,0667
447,0667
448,0668
449,0668
450,0668
451,0669
452,0669
453,0670
454,0671
455,0672
456,0673
457,0674
458,0675
459,0676
460,0678
461,0679
462,0679
463,0680
464,0681
465,0683
466,0683
467,0684
468,0685
469,0686
470,0686
471,0686
472,0687
473,0687
474,0687
375,0688
476,0688
477,0688
478,0689
479,0689
480,0689
481,0689
482,0690
483,0690
484,0690
485,0690
486,0691
487,0691
488,0691
489,0692
490,0692
491,0692
492,0692
493,0693
494,0693
495,0693
496,0693
497,0694
498,0694
499,0694
500,0694
501,0695
502,0695
503,0695
504,0695
505,0696
506,0696
507,0696
508,0696
509,0697
510,0697
511,0697
512,0697
513,0698
514,0698
515,0698
516,0698
517,0699
518,0699
519,0699
520,0699
521,0700
522,0700
523,0701
524,0701
525,0702
526,0702
527,0702
528,0702
529,0703
530,0703
531,0703
532,0704
533,0704
534,0704
535,0704
536,0705
537,0705
538,0706
539,0706
540,0707
541,0707
542,0708
543,0708
544,0708
545,0709
546,0709
547,0709
548,0710
549,0710
550,0710
551,0711
552,0711
553,0711
554,0712
555,0712
556,0712
557,0713
558,0713
559,0713
560,0714
561,0715
562,0715
563,0716
564,0716
565,0716
566,0717
567,0717
568,0717
569,0718
570,0718
571,0719
572,0719
573,0720
574,0720
575,0721
576,0721
577,0722
578,0722
579,0722
580,0723
581,0723
582,0724
583,0724
584,0725
585,0726
586,0726
587,0726
588,0727
589,0727
590,0728
591,0728
592,0729
593,0730
594,0730
595,0730
596,0731
597,0732
598,0732
599,0732
600,0733
601,0735
602,0735
603,0736
604,0736
605,0736
606,0737
607,0737
608,0737
609,0738
610,0739
611,0739
612,0740
613,0740
614,0741
615,0742
616,0742
617,0743
618,0743
619,0744
620,0744
621,0745
622,0745
623,0746
624,0746
625,0747
626,0747
627,0748
628,0749
629,0749
630,0749
631,0749
632,0750
633,0750
634,0750
635,0751
636,0751
637,0752
638,0752
639,0753
640,0753
641,0754
642,0754
643,0754
644,0755
645,0756
646,0756
647,0756
648,0757
649,0757
650,0758
651,0758
652,0758
653,0759
654,0759
655,0759
656,0760
657,0760
658,0761
659,0761
660,0761
661,0762
662,0762
663,0762
664,0763
665,0763
666,0764
667,0764
668,0764
669,0765
670,0766
671,0766
672,0766
673,0767
674,0767
675,0767
676,0768
677,0768
678,0769
679,0769
680,0769
681,0770
682,0770
683,0770
688,0771
685,0771
686,0772
687,0772
688,0772
689,0773
690,0773
691,0773
692,0774
693,0774
694,0774
695,0775
696,0775
697,0776
698,0776
699,0776
700,0777
701,0777
702,0777
703,0778
704,0778
705,0778
706,0778
707,0779
708,0779
709,0779
710,0780
711,0780
712,0780
713,0780
714,0781
715,0782
716,0782
717,0783
718,0783
719,0783
720,0784
721,0784
722,0785
723,0785
724,0786
725,0786
726,0787
727,0787
728,0788
729,0788
730,0788
731,0789
732,0789
733,0790
734,0790
735,0790
736,0791
737,0791
738,0792
739,0793
740,0793
741,0794
742,0794
743,0794
744,0794
745,0795
746,0796
747,0796
748,0797
749,0797
750,0797
751,0797
752,0798
753,0798
754,0798
755,0799
756,0799
757,0799
758,0799
759,0800
760,0800
761,0800
762,0801
763,0801
764,0801
765,0801
766,0802
767,0802
768,0802
769,0803
770,0803
771,0803
772,0803
773,0804
774,0804
775,0804
776,0805
777,0805
778,0805
777,0805
780,0806
781,0806
782,0806
783,0807
784,0807
785,0807
786,0808
787,0808
788,0808
789,0808
790,0809
791,0809
792,0809
793,0810
794,0810
795,0810
796,0810
797,0810
798,0811
799,0811
800,0811
801,0812
802,0812
803,0812
804,0813
805,0813
806,0813
807,0813
808,0814
809,0814
810,0814
811,0815
812,0815
813,0815
814,0815
815,0815
816,0816
817,0816
818,0817
819,0817
820,0818
821,0818
822,0818
823,0818
829,0819
825,0819
826,0820
827,0820
828,0820
829,0820
830,0821
831,0821
832,0822
833,0822
834,0822
835,0824
836,0825
837,0826
838,0827
839,0827
840,0828
841,0828
842,0828
843,0828
844,0829
845,0829
846,0829
847,0830
848,0830
849,0830
850,0830
851,0830
852,0831
853,0831
854,0831
855,0831
856,0832
857,0832
858,0833
859,0833
860,0833
861,0834
862,0834
863,0834
864,0835
865,0835
866,0836
867,0836
868,0837
869,0837
870,0837
871,0837
872,0837
873,0838
874,0838
875,0838
876,0838
877,0839
878,0839
879,0839
880,0839
881,0840
882,0840
883,0841
884,0841
885,0842
886,0842
887,0842
888,0843
889,0843
890,0843
891,0844
892,0844
893,0844
894,0844
895,0845
896,0845
897,0846
898,0847
899,0847
900,0848
901,0848
902,0848
903,0848
904,0849
905,0850
906,0850
907,0851
908,0851
909,0851
910,0852
911,0852
912,0852
913,0852
914,0853
915,0853
916,0853
917,0854
918,0854
919,0854
920,0854
921,0855
922,0855
923,0856
924,0856
925,0857
926,0857
927,0857
929,0857
929,0858
930,0858
931,0858
932,0858
933,0859
934,0859
935,0859
936,0859
937,0860
938,0860
939,0860
941,0861
942,0861
943,0861
944,0861
945,0862
946,0862
947,0862
943,0862
949,0863
956,0863
951,0863
952,0863
953,0864
954,0864
955,0864
956,0864
957,0865
958,0865
959,0865
960,0866
961,0866
962,0866
963,0866
964,0867
965,0867
966,0868
967,0868
968,0869
969,0869
970,0869
971,0870
972,0870
973,0871
974,0871
975,0872
976,0872
977,0873
978,0873
979,0874
980,0874
981,0874
982,0874
983,0875
984,0875
985,0875
986,0875
987,0876
988,0876
989,0876
990,0876
991,0877
992,0877
993,0877
994,0877
995,0878
996,0878
997,0879
998,0879
999,0879
1000,0879
1001,0880
1002,0880
1003,0880
1004,0880
1005,0881
1006,0881
1007,0881
1008,0882
1009,0882
1010,0882
1011,0883
1012,0883
1013,0883
1014,0884
1015,0884
1016,0884
1017,0885
1018,0885
1019,0885
1020,0886
1021,0886
1022,0886
1023,0887
1024,0887
1025,0888
1026,0888
1027,0888
1028,0889
1029,0889
1030,0889
1031,0889
1032,0890
1033,0890
1034,0890
1035,0890
1036,0891
1037,0891
1038,0891
1039,0892
1040,0892
1041,0892
1042,0892
1043,0893
1044,0893
1045,0893
1046,0894
1047,0894
1048,0894
1059,0894
1050,0895
1051,0895
1052,0895
1053,0895
1054,0896
1055,0896
1056,0896
1057,0896
1058,0897
1059,0897
1060,0897
1061,0897
1062,0898
1063,0898
1064,0898
1065,0899
1066,0899
1067,0899
1068,0900
1069,0900
1070,0901
1071,0901
1072,0901
1073,0902
1074,0902
1075,0902
1076,0903
1077,0903
1078,0904
1079,0904
1080,0905
1081,0905
1082,0905
1083,0906
1084,0906
1085,0906
1086,0907
1087,0907
1088,0907
1089,0908
1090,0908
1091,0909
1092,0909
1093,0909
1094,0910
1095,0911
1096,0911
1097,0912
1098,0912
1099,0912
1100,0913
1101,0913
1102,0913
1103,0913
1104,0914
1105,0914
1106,0914
1107,0914
1108,0915
1109,0915
1110,0916
1111,0916
1112,0917
1113,0917
1114,0918
1115,0918
1116,0919
1117,0919
1118,0920
1119,0920
1120,0921
1121,0921
1122,0922
1123,0922
1124,0923
1125,0923
1126,0923
1127,0923
1128,0924
1129,0924
1130,0924
1131,0924
1132,0925
1133,0925
1134,0925
1135,0926
1136,0926
1137,0927
1138,0927
1139,0927
1140,0928
1141,0928
1142,0929
1143,0929
1144,0929
1145,0930
1146,0930
1147,0931
1148,0931
1149,0932
1150,0932
1151,0932
1152,0933
1153,0933
1154,0933
1155,0934
1156,0934
1157,0934
1158,0935
1159,0935
1160,0935
1161,0936
1162,0936
1163,0937
1164,0937
1165,0937
1166,0938
1167,0938
1168,0939
1169,0940
1170,0941
1171,0942
1172,0943
1,0947
2,0948
3,0948
4,0948
5,0949
6,0949
7,0949
8,0950
9,0951
10,0951
11,0951
12,0952
13,0952
14,0952
15,0953
16,0953
17,0954
18,0955
19,0956
20,0956
21,0957
22,0957
23,0958
24,0958
25,0959
26,0959
27,0960
28,0960
29,0961
30,0961
31,0962
32,0962
33,0963
34,0963
35,0964
36,0964
37,0965
38,0965
39,0965
40,0966
41,0966
42,0967
43,0967
44,0968
45,0968
46,0969
47,0969
48,0969
49,0970
50,0971
51,0971
52,0971
53,0972
54,0972
55,0972
56,0974
57,0975
58,0976
59,0976
60,0977
61,0978
62,0978
63,0978
64,0979
65,0979
66,0979
67,0980
68,0980
69,0980
70,0981
71,0981
72,0981
73,0982
74,0982
75,0982
76,0983
77,0983
78,0983
79,0984
80,0984
81,0985
82,0985
83,0986
84,0986
85,0986
86,0987
87,0988
88,0988
89,0989
90,0989
91,0989
92,0990
93,0990
94,0990
95,0991
96,0991
97,0991
98,0992
99,0993
100,0994
101,0994
102,0995
103,0995
104,0996
106,0997
107,0997
108,0998
109,0998
110,0998
111,0999
112,0999
113,1000
114,1000
115,1001
116,1001
117,1002
118,1002
119,1003
120,1003
121,1004
122,1004
123,1005
124,1005
125,1005
126,1006
127,1006
128,1007
129,1007
130,1008
131,1008
132,1009
133,1009
134,1009
135,1010
136,1010
137,1010
138,1011
139,1012
140,1012
141,1012
142,1013
143,1013
144,1013
145,1014
146,1014
147,1014
148,1015
149,1016
150,1016
151,1017
152,1017
153,1017
154,1018
155,1018
156,1018
157,1019
158,1019
159,1020
160,1020
161,1021
162,1021
163,1022
164,1022
165,1022
166,1023
167,1023
168,1024
169,1024
170,1024
171,1025
172,1026
173,1026
174,1027
175,1027
176,1028
177,1028
178,1028
179,1029
180,1029
181,1030
182,1030
183,1031
184,1032
185,1033
186,1034
187,1034
188,1035
189,1035
190,1036
191,1036
192,1036
193,1036
194,1037
195,1037
196,1037
197,1038
198,1038
199,1038
200,1039
201,1039
202,1040
203,1040
204,1040
205,1040
206,1041
207,1041
208,1042
209,1042
210,1042
211,1042
212,1043
213,1043
214,1043
215,1044
216,1044
217,1044
218,1044
219,1045
220,1046
221,1046
222,1046
223,1046
224,1047
225,1047
226,1047
227,1047
228,1048
229,1048
230,1048
231,1049
232,1049
233,1049
234,1049
235,1050
236,1050
237,1050
238,1050
239,1051
240,1051
241,1051
242,1051
243,1052
244,1052
245,1052
246,1053
247,1053
248,1053
249,1053
250,1054
251,1054
252,1054
253,1055
254,1055
255,1056
256,1056
257,1057
258,1057
259,1058
260,1058
261,1059
262,1059
263,1059
264,1059
265,1060
266,1060
267,1060
268,1061
269,1061
270,1061
271,1062
272,1062
273,1063
274,1063
275,1064
276,1064
277,1065
278,1065
279,1066
280,1067
281,1067
282,1068
283,1068
284,1069
285,1069
286,1070
287,1070
288,1071
289,1071
290,1072
291,1072
292,1073
293,1073
294,1074
295,1074
296,1074
297,1075
298,1075
299,1075
300,1076
301,1076
302,1077
303,1077
304,1078
305,1078
306,1079
307,1079
308,1080
309,1080
320,1081
311,1081
312,1082
313,1082
314,1083
315,1083
316,1084
317,1084
318,1085
319,1085
320,1086
321,1086
322,1087
323,1087
324,1088
325,1088
326,1089
327,1089
328,1089
329,1089
330,1090
331,1090
332,1090
333,1091
334,1091
335,1091
336,1092
337,1092
338,1092
339,1093
340,1093
341,1093
342,1094
343,1095
344,1095
345,1095
346,1095
347,1096
348,1096
349,1096
350,1097
351,1097
352,1097
353,1097
354,1098
355,1098
356,1098
357,1099
358,1099
359,1099
360,1099
361,1100
362,1100
363,1100
364,1101
365,1101
366,1101
368,1101
368,1102
369,1102
370,1102
371,1102
372,1103
373,1103
374,1104
375,1104
376,1104
377,1104
378,1105
379,1105
380,1105
381,1105
382,1106
383,1106
384,1107
385,1107
386,1107
387,1107
388,1108
389,1108
390,1108
391,1108
392,1109
393,1109
394,1109
395,1110
396,1110
397,1110
398,1111
399,1111
400,1111
401,1111
402,1111
403,1112
404,1112
405,1112
406,1113
407,1113
408,1113
409,1113
410,1114
411,1114
412,1115
413,1115
414,1116
415,1116
416,1116
417,1116
418,1117
419,1117
420,1118
421,1118
422,1118
423,1118
424,1119
425,1119
426,1120
427,1120
428,1121
429,1121
430,1122
431,1122
432,1123
433,1123
434,1123
435,1124
436,1124
437,1124
438,1125
439,1125
440,1125
441,1126
442,1126
443,1126
444,1127
445,1128
446,1128
447,1128
448,1128
449,1129
450,1129
451,1129
452,1129
453,1130
454,1130
455,1130
456,1131
457,1131
458,1131
459,1132
460,1133
461,1134
462,1134
463,1134
464,1135
465,1135
466,1136
467,1136
468,1137
469,1137
470,1138
471,1139
472,1139
473,1139
474,1140
475,1140
476,1141
477,1142
478,1142
879,1143
480,1143
481,1144
482,1144
483,1145
484,1145
885,1146
486,1146
487,1147
488,1147
489,1148
490,1148
491,1149
492,1149
493,1150
494,1150
495,1151
496,1151
497,1152
498,1153
499,1153
500,1154
501,1154
502,1155
503,1155
504,1156
505,1156
506,1157
507,1157
508,1158
509,1159
510,1159
511,1160
512,1160
513,1161
514,1161
515,1162
516,1162
517,1163
518,1163
519,1164
520,1164
521,1165
522,1165
523,1166
524,1166
525,1167
526,1167
527,1168
528,1168
529,1169
530,1169
531,1170
532,1170
533,1171
534,1171
535,1172
536,1172
537,1173
538,1173
539,1174
540,1174
541,1175
542,1175
543,1176
544,1176
545,1177
546,1177
547,1178
548,1178
549,1179
550,1179
551,1180
552,1180
553,1181
554,1181
555,1181
556,1181
557,1182
558,1182
559,1182
560,1183
561,1183
562,1184
563,1185
564,1185
565,1186
566,1187
567,1188
568,1188
569,1189
570,1189
571,1190
572,1190
573,1190
574,1191
575,1192
576,1192
577,1192
578,1193
579,1193
580,1193
581,1193
582,1194
583,1194
584,1195
585,1195
586,1195
587,1196
588,1196
589,1196
590,1196
591,1197
592,1197
593,1197
594,1197
595,1198
596,1198
597,1198
598,1199
599,1199
600,1200
601,1200
602,1200
603,1200
604,1201
605,1201
606,1201
607,1201
608,1202
609,1202
610,1202
611,1203
612,1203
613,1203
614,1203
615,1204
616,1204
617,1204
618,1205
619,1205
620,1206
621,1208
622,1208
623,1208
624,1208
625,1209
626,1209
627,1209
628,1209
629,1210
630,1210
631,1211
632,1211
633,1212
634,1212
635,1213
636,1213
637,1214
638,1214
639,1215
640,1215
641,1216
642,1216
643,1217
644,1217
645,1218
646,1218
647,1219
648,1219
649,1220
650,1221
651,1221
652,1222
653,1223
654,1223
655,1223
656,1224
657,1224
658,1224
659,1224
660,1225
661,1225
662,1226
663,1226
664,1227
665,1228
666,1228
667,1229
668,1229
669,1230
670,1230
671,1231
672,1231
673,1232
674,1232
675,1233
676,1233
677,1234
678,1234
679,1235
680,1235
681,1236
682,1236
683,1237
684,1237
685,1238
686,1238
687,1239
688,1239
689,1240
690,1240
691,1241
692,1241
693,1242
694,1242
695,1242
696,1243
697,1244
698,1244
699,1244
700,1245
701,1245
702,1246
703,1246
704,1247
705,1247
706,1247
707,1248
708,1248
709,1248
710,1249
711,1249
712,1249
713,1250
714,1250
715,1250
716,1251
717,1251
718,1252
719,1253
720,1253
721,1253
722,1253
723,1254
724,1254
725,1254
726,1254
727,1255
728,1256
729,1256
730,1256
731,1256
732,1257
733,1257
734,1257
735,1257
736,1258
737,1258
738,1259
739,1259
740,1259
741,1260
742,1260
743,1260
744,1261
745,1261
746,1261
747,1261
748,1262
749,1262
750,1263
751,1263
752,1264
753,1264
754,1265
755,1265
756,1266
757,1266
758,1267
759,1267
760,1268
761,1268
762,1269
763,1269
764,1270
765,1270
766,1270
767,1270
768,1271
769,1271
770,1271
771,1271
772,1272
773,1272
774,1272
775,1272
776,1273
777,1273
778,1273
779,1274
780,1274
781,1274
782,1275
783,1275
784,1275
785,1276
786,1276
787,1276
788,1277
789,1277
790,1277
791,1278
792,1278
793,1278
794,1279
795,1279
796,1279
797,1280
798,1280
794,1280
800,1281
801,1281
802,1281
803,1282
804,1282
805,1282
806,1283
807,1283
808,1284
809,1284
810,1284
811,1284
812,1285
813,1285
814,1285
815,1285
816,1286
817,1286
818,1287
809,1287
820,1288
821,1288
822,1289
823,1289
824,1289
825,1290
826,1290
827,1290
828,1291
829,1291
830,1291
831,1292
832,1292
833,1292
834,1293
835,1293
836,1294
837,1294
838,1295
839,1295
840,1295
841,1295
842,1296
843,1296
844,1296
845,1296
846,1297
847,1297
848,1297
849,1297
850,1298
851,1298
852,1298
853,1298
854,1299
855,1299
856,1299
857,1299
858,1300
859,1300
860,1300
861,1300
862,1301
863,1301
864,1301
865,1301
866,1302
867,1302
868,1302
869,1302
870,1303
871,1303
872,1303
873,1304
874,1304
875,1304
876,1304
877,1304
878,1305
879,1305
880,1305
881,1305
882,1306
883,1306
884,1306
885,1306
886,1307
887,1307
888,1307
889,1307
890,1308
891,1308
892,1308
893,1309
894,1309
895,1310
896,1310
897,1311
898,1312
899,1313
900,1313
901,1313
902,1315
903,1315
904,1316
905,1316
906,1317
907,1317
908,1317
909,1318
910,1318
911,1319
912,1319
913,1319
914,1320
915,1320
916,1321
917,1321
418,1321
919,1322
920,1322
921,1322
922,1322
923,1323
924,1323
925,1323
926,1323
927,1324
928,1324
929,1324
930,1324
931,1324
932,1325
933,1325
934,1325
935,1325
936,1326
937,1326
938,1327
939,1327
940,1327
941,1327
942,1328
943,1328
944,1328
945,1328
946,1329
947,1329
948,1329
949,1329
950,1330
951,1330
952,1330
953,1331
954,1331
955,1331
956,1332
957,1332
958,1332
959,1332
960,1333
961,1333
962,1334
963,1334
964,1334
965,1335
966,1335
967,1335
968,1336
969,1336
970,1336
971,1337
972,1337
973,1337
974,1338
975,1338
976,1338
977,1338
978,1339
979,1339
980,1340
981,1340
982,1340
983,1340
984,1341
985,1341
986,1341
987,1341
988,1342
989,1342
990,1342
991,1342
992,1343
993,1343
994,1343
995,1343
996,1345
997,1345
998,1345
999,1345
100,1346
1001,1347
1002,1347
1003,1347
1004,1347
1005,1347
1006,1348
1007,1349
1008,1349
1009,1350
1010,1350
1011,1350
1012,1351
1013,1351
1014,1351
1015,1352
1016,1352
1017,1352
1018,1353
1019,1353
1020,1354
1021,1354
1022,1354
1023,1355
1025,1355
1025,1355
1026,1356
1027,1356
1028,1356
1029,1357
1030,1357
1031,1357
1032,1358
1033,1358
1034,1358
1035,1359
1036,1359
1037,1359
1038,1360
1039,1360
1040,1361
1041,1361
1042,1361
1043,1361
1044,1362
1045,1362
1046,1363
1047,1363
1048,1363
1049,1364
1050,1364
1051,1364
1052,1365
1053,1365
1054,1365
1055,1365
1056,1366
1057,1366
1058,1367
1059,1367
1060,1367
1061,1367
1062,1368
1063,1368
1064,1369
1065,1369
1066,1369
1067,1369
1068,1370
1069,1370
1070,1370
1071,1371
1072,1371
1073,1371
1074,1372
1075,1372
1076,1372
1077,1373
1078,1373
1079,1373
1080,1374
1081,1374
1082,1374
1083,1374
1084,1375
1085,1375
1086,1376
1087,1376
1088,1377
1089,1377
1090,1377
1091,1378
1092,1378
1093,1378
1094,1379
1095,1379
1096,1379
1097,1379
1098,1380
1099,1380
1100,1380
1101,1381
1102,1381
1103,1381
1104,1382
1105,1382
1106,1382
1107,1383
1108,1383
1109,1383
1110,1384
1111,1384
1112,1385
1113,1385
1114,1385
1115,1386
1116,1386
1117,1386
1118,1387
1119,1387
1120,1388
1121,1388
1122,1388
1123,1389
1124,1389
1125,1389
1126,1390
1127,1390
1128,1390
1129,1391
1130,1391
1131,1391
1132,1392
1133,1392
1134,1392
1135,1392
1136,1393
1137,1393
1138,1393
1139,1394
1140,1394
1141,1394
1142,1395
1143,1395
1144,1395
1145,1396
1146,1396
1047,1396
1148,1397
1149,1397
1150,1397
1149,1397
1150,1397
1151,1398
1152,1398
1153,1398
1154,1399
1155,1399
1156,1399
1157,1400
1158,1400
1159,1400
1160,1401
1161,1401
1162,1401
1063,1402
1164,1402
1065,1402
1166,1403
1167,1403
1168,1403
1169,1404
1170,1404
1171,1404
1172,1405
1173,1405
1174,1405
1175,1406
1176,1406
1177,1406
1178,1407
1179,1407
1180,1407
1181,1408
1182,1408
1183,1408
1184,1409
1185,1409
1186,1409
1187,1410
1188,1410
1189,1410
1190,1411
1191,1411
1192,1411
1193,1412
1198,1412
1195,1412
1196,1413
1197,1413
1198,1413
1199,1414
1200,1414
1201,1414
1202,1415
1203,1415
1204,1416
1205,1416
1206,1417
1207,1417
1208,1418
1209,1418
1210,1418
1211,1419
1212,1420
1213,1420
1214,1421
1215,1421
1216,1422
1217,1422
1218,1423
1219,1423
1220,1424
1221,1424
1222,1425
1223,1425
1224,1425
1225,1426
1226,1426
1227,1426
1228,1427
1229,1427
1230,1427
1231,1428
1232,1428
1233,1428
1234,1428
1235,1429
1236,1429
1237,1429
1238,1429
1239,1430
1240,1430
1241,1430
1242,1431
1243,1431
1244,1432
1245,1432
1246,1432
1247,1432
1248,1433
1249,1433
1250,1433
1251,1433
1252,1434
1253,1434
1254,1435
1255,1435
1256,1435
1257,1436
1258,1436
1259,1436
1260,1437
1261,1437
1262,1438
1263,1439
1264,1439
1265,1440
1266,1440
1267,1440
1268,1441
1269,1441
1270,1441
1271,1442
1272,1442
1273,1442
1274,1443
1275,1443
1276,1443
1277,1444
1278,1444
1279,1445
1280,1445
1281,1445
1282,1446
1283,1446
1284,1446
1285,1447
1286,1447
1287,1448
1288,1448
1289,1449
1290,1449
1291,1450
1292,1451
1293,1451
1294,1452
1295,1452
1296,1452
1297,1453
1298,1453
1299,1453
1300,1453
1301,1454
1302,1454
1303,1454
1304,1455
1305,1455
1306,1455
1307,1456
1308,1456
1309,1456
1310,1457
1311,1457
1312,1457
1313,1457
1314,1458
1315,1458
1316,1458
1317,1459
1308,1459
1319,1460
1320,1460
1321,1460
1322,1461
1323,1461
1324,1461
1325,1461
1326,1462
1327,1462
1328,1462
1329,1463
1330,1463
1331,1464
1332,1464
1333,1464
1334,1464
1335,1465
1336,1465
1337,1465
1338,1465
1339,1466
1340,1466
1341,1467
1342,1467
1343,1468
1344,1468
1345,1469
1346,1469
1347,1469
1348,1469
1349,1470
1350,1470
1351,1470
1352,1471
1353,1471
1354,1471
1355,1472
1356,1472
1357,1472
1358,1472
1359,1473
1360,1473
1361,1473
1362,1474
1363,1474
1364,1474
1365,1475
1366,1475
1367,1476
1368,1476
1369,1476
1370,1477
1371,1478
1372,1478
1373,1478
1374,1479
1375,1479
1376,1479
1377,1480
1378,1480
1379,1480
1380,1481
1381,1481
1382,1481
1383,1481
1384,1482
1385,1482
1386,1482
1387,1482
1388,1483
1389,1483
1390,1483
1391,1483
1392,1484
1393,1485
1394,1485
1395,1485
1396,1486
1397,1486
1398,1486
1399,1487
1500,1487
1401,1488
1402,1488
1403,1489
1404,1489
1405,1489
1406,1490
1407,1490
1408,1490
1409,1490
1410,1491
1411,1491
1412,1492
1413,1492
1414,1492
1415,1493
1416,1493
1417,1493
1418,1494
1419,1494
1420,1495
1421,1495
1422,1495
1423,1496
1424,1496
1425,1496
1426,1497
1427,1497
1428,1498
1429,1498
1430,1499
1431,1500
1432,1500
1433,1501
1434,1501
1435,1501
1436,1502
1437,1502
1438,1502
1439,1503
1440,1503
1441,1503
1442,1504
1443,1504
1444,1504
1445,1504
1446,1505
1447,1505
1448,1505
1449,1506
1450,1506
1451,1506
1452,1507
1453,1507
1454,1507
1455,1508
1456,1508
1547,1508
1458,1509
1459,1509
1460,1509
1461,1510
1462,1510
1463,1510
1464,1511
1465,1511
1466,1512
1467,1512
1468,1513
4469,1513
1470,1513
1471,1513
1472,1514
1473,1514
1474,1514
1475,1515
1476,1515
1477,1515
1478,1515
1479,1516
1480,1516
1481,1516
1482,1516
1483,1517
1484,1517
1485,1517
1486,1518
1487,1518
1488,1518
