1,0001
2,0001
3,0001
4,0002
5,0003
6,0004
7,0006
8,0006
9,0006
10,0007
11,0008
12,0009
13,0009
14,0009
15,0009
16,0009
17,0010
18,0010
19,0010
20,0010
21,0010
22,0010
23,0012
24,0012
25,0012
26,0014
27,0014
28,0015
29,0015
30,0016
31,0016
32,0017
33,0017
34,0018
35,0018
36,0019
37,0019
38,0019
39,0019
40,0019
41,0020
42,0020
43,0020
44,0020
45,0020
46,0021
47,0021
48,0021
49,0022
50,0022
51,0022
52,0023
53,0023
54,0023
55,0024
56,0024
57,0026
58,0026
59,0028
60,0028
61,0030
62,0031
63,0031
64,0031
65,0032
66,0032
67,0033
68,0033
69,0034
70,0034
71,0034
72,0034
73,0037
74,0037
75,0037
76,0037
77,0037
78,0038
79,0038
80,0038
81,0038
82,0039
83,0039
84,0039
85,0040
86,0040
87,0040
88,0041
89,0042
90,0044
91,0044
92,0045
93,0045
94,0046
95,0047
96,0047
97,0047
98,0048
99,0048
100,0048
101,0049
102,0049
103,0049
104,0050
105,0050
106,0051
107,0051
108,0051
109,0052
110,0052
111,0052
112,0052
113,0053
114,0053
115,0053
116,0053
117,0053
118,0054
119,0054
120,0054
121,0054
122,0055
123,0055
124,0055
125,0055
126,0055
127,0056
128,0056
129,0056
130,0056
131,0056
132,0057
133,0057
134,0057
135,0057
136,0057
137,0058
138,0058
139,0058
140,0058
141,0058
142,0058
143,0059
144,0059
145,0059
146,0059
147,0060
148,0060
149,0060
150,0060
151,0061
152,0061
153,0061
154,0061
155,0061
156,0061
157,0062
158,0062
159,0062
160,0062
161,0063
162,0063
163,0063
164,0063
165,0063
166,0064
167,0064
168,0064
169,0064
170,0065
171,0065
172,0065
173,0065
174,0066
175,0066
176,0066
177,0066
178,0066
179,0067
180,0067
181,0067
182,0067
183,0067
184,0068
185,0068
186,0068
187,0068
188,0068
189,0069
190,0069
191,0069
192,0070
193,0070
194,0070
195,0070
196,0071
197,0071
198,0071
199,0071
200,0072
201,0072
202,0072
203,0072
204,0073
205,0073
206,0073
207,0073
208,0074
209,0074
210,0074
211,0074
212,0075
213,0075
214,0075
215,0076
216,0076
217,0076
218,0076
219,0077
220,0077
221,0077
222,0077
223,0078
224,0078
225,0078
226,0078
227,0078
228,0078
229,0079
230,0079
231,0079
232,0079
233,0080
234,0080
235,0080
236,0080
237,0081
238,0081
239,0082
240,0082
241,0082
242,0083
243,0083
244,0084
245,0084
246,0085
247,0085
248,0086
249,0087
250,0087
251,0088
252,0088
253,0088
254,0089
255,0089
256,0089
257,0090
258,0090
259,0090
260,0091
261,0091
262,0091
263,0092
264,0093
265,0094
266,0094
267,0095
268,0095
269,0095
270,0095
271,0099
272,0099
273,0099
274,0099
275,0099
276,0100
277,0100
278,0100
279,0100
280,0100
281,0100
282,0101
283,0101
284,0102
285,0102
286,0103
287,0103
288,0103
289,0104
290,0104
291,0105
292,0105
293,0106
294,0106
295,0106
296,0106
297,0106
298,0107
299,0107
300,0107
301,0108
302,0108
303,0108
304,0109
305,0109
306,0109
307,0110
308,0110
309,0110
310,0111
311,0111
312,0111
313,0111
314,0111
315,0111
316,0111
317,0112
318,0112
319,0112
320,0112
321,0113
322,0113
323,0113
324,0113
325,0114
326,0114
327,0114
328,0114
329,0114
330,0115
331,0115
332,0115
333,0115
334,0116
335,0116
336,0116
337,0116
338,0116
339,0117
340,0117
341,0117
342,0117
343,0117
344,0118
345,0118
346,0118
347,0118
348,0118
349,0119
350,0119
351,0119
352,0119
353,0119
354,0120
355,0120
356,0120
357,0121
358,0121
359,0121
360,0121
361,0122
362,0122
363,0122
364,0123
365,0123
366,0123
367,0124
368,0124
369,0124
370,0124
371,0125
372,0125
373,0125
374,0125
375,0125
376,0126
377,0126
378,0126
379,0126
380,0127
381,0127
382,0128
383,0129
384,0130
385,0130
386,0131
387,0131
388,0132
389,0132
390,0132
391,0133
392,0133
393,0134
394,0134
395,0134
396,0134
397,0134
398,0135
399,0135
400,0135
401,0136
402,0136
403,0136
404,0136
405,0137
406,0137
407,0137
408,0137
409,0138
410,0138
411,0138
412,0138
413,0138
414,0138
415,0139
416,0139
417,0139
418,0139
419,0139
420,0139
421,0139
422,0140
423,0140
424,0140
425,0140
426,0140
427,0140
428,0140
429,0140
430,0141
431,0141
432,0141
433,0141
434,0141
435,0141
436,0142
437,0142
438,0142
439,0142
440,0142
441,0142
442,0143
443,0143
444,0143
445,0143
446,0143
447,0143
448,0144
449,0144
450,0144
451,0144
452,0144
453,0145
454,0145
455,0145
456,0146
457,0146
458,0146
459,0146
460,0146
461,0147
462,0147
463,0147
464,0148
465,0148
466,0148
467,0148
468,0149
469,0149
470,0149
471,0150
472,0150
473,0150
474,0151
475,0151
476,0151
477,0151
478,0152
479,0152
480,0152
481,0153
482,0153
483,0153
484,0154
485,0154
486,0154
487,0155
488,0155
489,0156
490,0156
491,0157
492,0157
493,0158
494,0159
495,0159
496,0160
497,0160
498,0160
499,0161
500,0161
501,0161
502,0161
503,0162
504,0162
505,0162
506,0162
507,0163
508,0163
509,0163
510,0163
511,0163
512,0163
513,0164
514,0164
515,0164
516,0164
517,0164
518,0165
519,0165
520,0165
521,0165
522,0165
523,0165
524,0166
525,0166
526,0168
527,0168
528,0168
529,0168
530,0168
531,0169
532,0169
533,0170
534,0170
535,0170
536,0170
537,0170
538,0172
539,0172
540,0172
541,0172
542,0172
543,0173
544,0173
545,0176
546,0176
547,0177
548,0178
549,0178
550,0179
551,0179
552,0180
553,0181
554,0182
555,0183
556,0184
557,0184
558,0185
559,0185
560,0185
561,0185
562,0185
563,0186
564,0186
565,0186
566,0186
567,0186
568,0187
569,0187
570,0187
571,0187
572,0187
573,0188
574,0188
575,0188
576,0188
577,0188
578,0189
579,0189
580,0189
581,0189
582,0189
583,0189
584,0190
585,0190
586,0190
587,0190
588,0191
589,0191
590,0191
591,0191
592,0191
593,0191
594,0192
595,0192
596,0192
597,0192
598,0192
599,0192
600,0192
601,0193
602,0193
603,0193
604,0193
605,0194
606,0194
607,0195
608,0195
609,0195
610,0195
611,0195
612,0196
613,0196
614,0196
615,0196
616,0198
617,0198
618,0199
619,0199
620,0199
621,0200
622,0200
623,0200
624,0200
625,0201
626,0201
627,0201
628,0203
629,0203
630,0203
631,0203
632,0205
633,0205
634,0205
635,0205
636,0206
637,0206
638,0206
639,0206
640,0207
641,0207
642,0208
643,0208
644,0208
645,0209
646,0209
647,0209
648,0209
649,0209
650,0210
651,0210
652,0211
653,0211
654,0213
655,0213
656,0217
657,0217
658,0219
659,0219
660,0222
661,0222
662,0222
663,0223
664,0223
665,0223
666,0224
667,0225
668,0225
669,0225
670,0225
671,0225
672,0225
673,0226
674,0227
675,0227
676,0227
677,0228
678,0228
679,0228
680,0229
681,0229
682,0229
683,0230
684,0230
685,0230
686,0231
687,0231
688,0232
689,0232
690,0232
691,0232
692,0232
693,0232
694,0233
695,0233
696,0233
697,0234
698,0234
699,0235
700,0235
701,0235
702,0236
703,0236
704,0237
705,0237
706,0237
707,0238
708,0238
709,0239
710,0239
711,0239
712,0240
713,0240
714,0240
715,0241
716,0241
717,0242
718,0242
719,0242
720,0243
721,0243
722,0243
723,0243
724,0244
725,0244
726,0244
727,0244
728,0245
729,0245
730,0245
731,0245
732,0246
733,0246
734,0246
735,0246
736,0246
737,0247
738,0247
739,0247
740,0248
741,0248
742,0248
743,0248
744,0249
745,0249
746,0249
747,0249
748,0250
749,0250
750,0250
751,0250
752,0251
753,0251
754,0251
755,0252
756,0252
757,0252
758,0252
759,0253
760,0253
761,0253
762,0254
763,0254
764,0254
765,0254
766,0255
767,0255
768,0255
769,0256
770,0256
771,0256
772,0256
773,0257
774,0257
775,0257
776,0258
777,0258
778,0258
779,0259
780,0259
781,0259
782,0259
783,0260
784,0260
785,0261
786,0261
787,0261
788,0262
789,0262
790,0262
791,0262
792,0263
793,0263
794,0263
795,0264
796,0264
797,0264
798,0265
799,0265
800,0265
801,0265
802,0266
803,0266
804,0266
805,0266
806,0267
807,0267
808,0267
809,0268
810,0268
811,0268
812,0268
813,0269
814,0269
815,0269
816,0270
817,0270
818,0270
819,0271
820,0271
821,0271
822,0271
823,0272
824,0272
825,0272
826,0273
827,0273
828,0273
829,0274
830,0274
831,0274
832,0275
833,0275
834,0275
835,0276
836,0276
837,0276
838,0276
839,0277
840,0277
841,0277
842,0278
843,0278
844,0278
845,0279
846,0279
847,0279
848,0280
849,0280
850,0280
851,0281
852,0281
853,0281
854,0282
855,0282
856,0282
857,0282
858,0283
859,0283
860,0283
861,0284
862,0284
863,0284
864,0285
865,0285
866,0285
867,0286
868,0286
869,0286
870,0287
871,0287
872,0287
873,0287
874,0288
875,0288
876,0288
877,0289
878,0289
879,0289
880,0290
881,0290
882,0291
883,0291
884,0291
885,0292
886,0292
887,0292
888,0292
889,0293
890,0293
891,0293
892,0294
893,0294
894,0294
895,0295
896,0295
897,0295
898,0296
899,0296
900,0296
901,0297
902,0297
903,0297
904,0297
905,0298
906,0298
907,0298
908,0299
909,0299
910,0299
911,0300
912,0300
913,0300
914,0300
915,0301
916,0301
917,0301
918,0302
919,0302
920,0302
921,0303
922,0303
923,0303
924,0303
925,0304
926,0304
927,0304
928,0305
929,0305
930,0305
931,0305
932,0306
933,0306
934,0306
935,0307
936,0307
937,0307
938,0308
939,0308
940,0308
941,0308
942,0309
943,0309
944,0309
945,0310
946,0310
947,0310
948,0311
949,0311
950,0315
951,0316
952,0316
953,0316
954,0316
955,0317
956,0317
957,0317
958,0320
959,0320
960,0325
961,0325
962,0326
963,0326
964,0326
965,0327
966,0327
967,0327
968,0327
969,0328
970,0328
971,0328
972,0329
973,0329
974,0329
975,0330
976,0330
977,0330
978,0331
979,0331
980,0331
981,0332
982,0332
983,0332
984,0333
985,0333
986,0333
987,0334
988,0334
989,0334
990,0335
991,0335
992,0335
993,0336
994,0336
995,0336
996,0336
997,0337
998,0337
999,0337
1000,0338
1001,0338
1002,0338
1003,0339
1004,0339
1005,0339
1006,0339
1007,0340
1008,0340
1009,0340
1010,0341
1011,0341
1012,0341
1013,0342
1014,0342
1015,0342
1016,0342
1017,0343
1018,0343
1019,0343
1020,0343
1021,0343
1022,0344
1023,0344
1024,0344
1025,0344
1026,0345
1027,0345
1028,0345
1029,0346
1030,0346
1031,0346
1032,0346
1033,0347
1034,0347
1035,0347
1036,0348
1037,0348
1038,0348
1039,0348
1040,0349
1041,0349
1042,0349
1043,0350
1044,0350
1045,0350
1046,0351
1047,0351
1048,0351
1049,0352
1050,0352
1051,0352
1052,0353
1053,0353
1054,0353
1055,0353
1056,0354
1057,0354
1058,0354
1059,0354
1060,0355
1061,0355
1062,0355
1063,0355
1064,0356
1065,0356
1066,0356
1067,0356
1068,0356
1069,0357
1070,0357
1071,0357
1072,0357
1073,0357
1074,0358
1075,0358
1076,0358
1077,0359
1078,0359
1079,0359
1080,0359
1081,0360
1082,0360
1083,0360
1084,0361
1085,0361
1086,0361
1087,0362
1088,0362
1089,0362
1090,0362
1091,0363
1092,0363
1093,0363
1094,0364
1095,0364
1096,0364
1097,0364
1098,0364
1099,0365
1100,0365
1101,0365
1102,0365
1103,0365
1104,0366
1105,0366
1106,0366
1107,0366
1108,0366
1109,0367
1110,0367
1111,0367
1112,0367
1113,0367
1114,0367
1115,0367
1116,0368
1117,0368
1118,0368
1119,0368
1120,0368
1121,0368
1122,0368
1123,0369
1124,0369
1125,0369
1126,0369
1127,0369
1128,0370
1129,0370
1130,0370
1131,0370
1132,0371
1133,0371
1134,0371
1135,0372
1136,0372
1137,0372
1138,0373
1139,0373
1140,0373
1141,0373
1142,0373
1143,0374
1144,0374
1145,0375
1146,0376
1147,0376
1148,0376
1149,0377
1150,0378
1151,0379
1152,0379
1153,0380
1154,0380
1155,0381
1156,0381
1157,0382
1158,0382
1159,0383
1160,0383
1161,0383
1162,0384
1163,0385
1164,0385
1165,0385
1166,0385
1167,0385
1168,0386
1169,0386
1170,0387
1171,0388
1172,0389
1173,0389
1174,0390
1175,0390
1176,0391
1177,0392
1178,0392
1179,0393
1180,0393
1181,0393
1182,0393
1183,0394
1184,0394
1185,0394
1186,0394
1187,0395
1188,0395
1189,0395
1190,0395
1191,0396
1192,0396
1193,0396
1194,0396
1195,0397
1196,0397
1197,0397
1198,0398
1199,0398
1200,0398
1201,0398
1202,0398
1203,0399
1204,0399
1205,0399
1206,0399
1207,0399
1208,0400
1209,0400
1210,0400
1211,0401
1212,0401
1213,0402
1214,0402
1215,0403
1216,0403
1217,0404
1218,0404
1219,0404
1220,0404
1221,0404
1222,0405
1223,0405
1224,0405
1225,0405
1226,0405
1227,0405
1228,0406
1229,0406
1230,0406
1231,0407
1232,0407
1233,0407
1234,0408
1235,0408
1236,0408
1237,0408
1238,0410
1239,0410
1240,0411
1241,0411
1242,0412
1243,0412
1244,0412
1245,0412
1246,0413
1247,0413
1248,0413
1249,0414
1250,0414
1251,0414
1252,0414
1253,0414
1254,0415
1255,0415
1256,0415
1257,0415
1258,0415
1259,0416
1260,0416
1261,0416
1262,0416
1263,0416
1264,0417
1265,0417
1266,0417
1267,0417
1268,0418
1269,0418
1270,0419
1271,0419
1272,0420
1273,0420
1274,0420
1275,0421
1276,0421
1277,0421
1278,0421
1279,0421
1280,0422
1281,0422
1282,0423
1283,0423
1284,0424
1285,0424
1286,0424
1287,0425
1288,0425
1289,0425
1290,0425
1291,0425
1292,0426
1293,0426
1294,0426
1295,0426
1296,0426
1297,0426
1298,0426
1299,0427
1300,0427
1301,0427
1302,0427
1303,0428
1304,0428
1305,0428
1306,0428
1307,0429
1308,0429
1309,0429
1310,0430
1311,0430
1312,0430
1313,0431
1314,0432
1315,0433
1316,0433
1317,0433
1318,0433
1319,0434
1320,0434
1321,0435
1322,0435
1323,0435
1324,0436
1325,0436
1326,0437
1327,0437
1328,0437
1329,0438
1330,0438
1331,0439
1332,0439
1333,0439
1334,0439
1335,0439
1336,0440
1337,0440
1338,0440
1339,0441
1340,0441
1341,0442
1342,0442
1343,0443
1344,0443
1345,0443
1346,0443
1347,0444
1348,0444
1349,0444
1350,0444
1351,0445
1352,0445
1353,0445
1354,0445
1355,0446
1356,0446
1357,0446
1358,0447
1359,0449
1360,0451
1361,0451
1362,0452
1363,0453
1364,0453
1365,0454
1366,0454
1367,0455
1368,0455
1369,0455
1370,0455
1371,0455
1372,0456
1373,0456
1374,0456
1375,0457
1376,0457
1377,0458
1378,0459
1379,0460
1380,0461
1381,0462
1382,0462
1383,0462
1384,0462
1385,0463
1386,0463
1387,0464
1388,0464
1389,0464
1390,0465
1391,0465
1392,0465
1393,0465
1394,0466
1395,0466
1396,0466
1397,0466
1398,0467
1399,0467
1400,0468
1401,0468
1402,0468
1403,0470
1404,0471
1405,0471
1406,0471
1407,0472
1408,0472
1409,0473
1410,0473
1411,0473
1412,0473
1413,0474
1414,0474
1415,0474
1416,0475
1417,0475
1418,0476
1419,0476
1420,0477
1421,0477
1422,0477
1423,0478
1424,0478
1425,0478
1426,0479
1427,0479
1428,0479
1429,0480
1430,0480
1431,0480
1432,0480
1433,0481
1434,0481
1435,0482
1436,0482
1437,0482
1438,0483
1439,0484
1440,0484
1441,0484
1442,0484
1443,0485
1444,0485
1445,0485
1446,0485
1447,0486
1448,0486
1449,0486
1450,0486
1451,0487
1452,0487
1453,0487
1454,0487
1455,0488
1456,0489
1457,0490
1458,0490
1459,0491
1460,0491
1461,0491
1462,0492
1463,0493
1464,0493
1465,0494
1466,0494
1467,0495
1468,0496
1469,0496
1470,0497
1471,0497
1472,0497
1473,0498
1474,0498
1475,0498
1476,0499
1477,0499
1478,0499
1479,0499
1480,0499
1481,0500
1482,0500
1483,0500
1484,0500
1485,0501
1486,0502
1487,0502
1488,0503
1489,0503
1490,0504
1491,0504
1492,0504
1493,0505
1494,0505
1495,0505
1496,0505
1497,0506
1498,0506
1499,0506
1500,0506
1501,0507
1502,0507
1503,0507
1504,0507
1505,0508
1506,0508
1507,0508
1508,0508
1509,0508
1510,0509
1511,0509
1512,0509
1513,0510
1514,0510
1515,0510
1516,0510
1517,0510
1518,0510
1519,0511
1520,0511
1521,0511
1522,0512
1523,0512
1524,0513
1525,0514
1526,0514
1527,0514
1528,0514
1529,0515
1530,0515
1531,0516
1532,0516
1533,0516
1534,0517
1535,0517
1536,0517
1537,0518
1538,0518
1539,0518
1540,0518
1541,0518
1542,0519
1543,0519
1544,0519
1545,0519
1546,0520
1547,0520
1548,0520
1549,0520
1550,0520
1551,0521
1552,0521
1553,0521
1554,0521
1555,0522
1556,0522
1557,0522
1558,0522
1559,0522
1560,0523
1561,0523
1562,0523
1563,0524
1564,0524
1565,0524
1566,0524
1567,0524
1568,0524
1569,0525
1570,0525
1571,0525
1572,0525
1573,0526
1574,0526
1575,0526
1576,0526
1577,0526
1578,0526
1579,0527
1580,0527
1581,0527
1582,0527
1583,0527
1584,0528
1585,0528
1586,0528
1587,0528
1588,0528
1589,0528
1590,0529
1591,0529
1592,0529
1593,0529
1594,0529
1595,0530
1596,0530
1597,0530
1598,0531
1599,0531
1600,0531
1601,0531
1602,0532
1603,0532
1604,0532
1605,0532
1606,0533
1607,0534
1608,0535
1609,0535
1610,0535
1611,0536
1612,0536
1613,0537
1614,0537
1615,0537
1616,0537
1617,0538
1618,0538
1619,0539
1620,0539
1621,0539
1622,0540
1623,0540
1624,0540
1625,0541
1626,0541
1627,0542
1628,0542
1629,0542
1630,0543
1631,0543
1632,0543
1633,0544
1634,0544
1635,0544
1636,0544
1637,0544
1638,0545
1639,0545
1640,0545
1641,0545
1642,0545
1643,0545
1644,0545
1645,0545
1646,0545
1647,0546
1648,0546
1649,0546
1650,0546
1651,0546
1652,0546
1653,0546
1654,0546
1655,0547
1656,0547
1657,0547
1658,0547
1659,0548
1660,0549
1661,0549
1662,0550
1663,0550
1664,0550
1665,0550
1666,0551
1667,0551
1668,0551
1669,0551
1670,0552
1671,0552
1672,0552
1673,0552
1674,0552
1675,0552
1676,0553
1677,0553
1678,0554
1679,0555
1680,0555
1681,0555
1682,0556
1683,0556
1684,0556
1685,0556
1686,0557
1687,0557
1688,0557
1689,0558
1690,0558
1691,0558
1692,0558
1693,0558
1694,0559
1695,0559
1696,0559
1697,0559
1698,0560
1699,0560
1700,0561
1701,0561
1702,0561
1703,0562
1704,0562
1705,0563
1706,0563
1707,0563
1708,0563
1709,0563
1710,0564
1711,0564
1712,0564
1713,0564
1714,0564
1715,0564
1716,0565
1717,0565
1718,0565
1719,0565
1720,0566
1721,0566
1722,0566
1723,0566
1724,0567
1725,0567
1726,0567
1727,0567
1728,0567
1729,0568
1730,0568
1731,0568
1732,0568
1733,0569
1734,0569
1735,0569
1736,0569
1737,0569
1738,0570
1739,0570
1740,0571
1741,0571
1742,0571
1743,0571
1744,0572
1745,0572
1746,0572
1747,0572
1748,0573
1749,0573
1750,0573
1751,0574
1752,0574
1753,0574
1754,0574
1755,0574
1756,0574
1757,0574
1758,0575
1759,0575
1760,0575
1761,0575
1762,0575
1763,0575
1764,0575
1765,0576
1766,0576
1767,0576
