1,0001
2,0002
3,0002
4,0003
5,0003
6,0003
7,0004
8,0004
9,0005
10,0006
11,0006
12,0006
13,0008
14,0009
15,0010
16,0011
17,0012
18,0014
19,0016
20,0016
21,0017
22,0017
23,0017
24,0019
1,0019
25,0019
26,0020
27,0021
28,0021
29,0022
30,0023
31,0023
32,0025
33,0026
34,0028
35,0029
36,0032
37,0032
38,0032
39,0032
40,0032
41,0032
42,0033
43,0033
44,0033
45,0033
46,0034
47,0034
48,0034
49,0034
50,0034
51,0034
52,0034
53,0035
54,0035
55,0035
56,0037
57,0037
58,0038
59,0038
60,0038
61,0039
62,0039
63,0039
64,0040
65,0040
66,0043
67,0044
68,0045
69,0045
70,0046
71,0046
72,0047
73,0048
74,0048
75,0048
76,0048
77,0048
78,0050
79,0050
80,0050
81,0051
82,0051
83,0052
84,0052
85,0052
86,0053
87,0054
1,0055
88,0056
89,0057
90,0058
1,0059
91,0059
92,0060
2,0060
93,0060
94,0061
95,0061
96,0062
97,0063
98,0064
99,0065
100,0065
101,0067
102,0067
1,0068
103,0068
104,0069
105,0070
4,0071
106,0071
107,0072
108,0073
109,0073
110,0074
111,0074
112,0075
113,0076
114,0076
115,0077
116,0079
117,0079
5,0079
118,0080
119,0081
120,0081
121,0083
122,0083
123,0084
124,0085
125,0085
126,0086
127,0087
128,0088
129,0088
130,0088
131,0089
132,0090
133,0091
134,0091
135,0093
136,0094
137,0094
138,0094
139,0095
140,0095
2,0095
141,0096
142,0097
143,0097
144,0098
145,0098
146,0099
147,0099
148,0100
149,0100
150,0102
151,0103
152,0105
153,0105
154,0106
155,0107
156,0108
157,0108
158,0109
159,0110
160,0110
161,0111
162,0111
163,0111
164,0112
1,0113
165,0114
166,0114
2,0114
167,0115
168,0115
169,0116
170,0117
1,0118
171,0119
172,0120
173,0121
6,0122
174,0123
175,0125
176,0126
177,0127
178,0128
179,0128
180,0129
181,0129
182,0130
183,0130
184,0131
185,0131
186,0132
187,0132
188,0133
189,0135
190,0136
191,0137
192,0138
193,0138
194,0139
195,0139
196,0140
197,0141
4,0141
198,0142
199,0143
200,0143
1,0144
3,0144
201,0145
202,0145
203,0146
204,0147
205,0147
4,0148
206,0148
207,0149
3,0149
1,0150
3,0150
208,0150
209,0151
210,0152
3,0152
211,0153
212,0155
213,0157
214,0158
215,0159
216,0159
217,0160
218,0161
219,0161
220,0162
221,0163
222,0163
223,0164
224,0164
225,0164
226,0165
227,0166
228,0166
229,0166
230,0166
231,0166
232,0167
233,0168
234,0168
235,0169
236,0170
6,0170
237,0171
3,0171
238,0172
239,0173
240,0173
241,0174
242,0175
243,0176
244,0176
245,0179
246,0179
247,0179
248,0180
249,0181
250,0181
251,0182
1,0182
252,0183
253,0184
254,0184
255,0185
256,0185
257,0187
258,0187
259,0188
260,0188
261,0189
262,0189
263,0190
264,0190
265,0190
266,0190
267,0190
268,0191
269,0191
270,0191
271,0191
272,0192
273,0192
274,0192
275,0193
276,0193
277,0194
278,0194
279,0194
280,0194
281,0195
282,0195
283,0195
284,0195
285,0196
286,0196
287,0196
288,0197
289,0197
290,0198
291,0199
292,0200
293,0201
294,0202
295,0203
296,0204
297,0204
298,0205
299,0206
300,0208
301,0208
302,0209
303,0210
1,0210
304,0212
305,0214
306,0214
307,0214
308,0215
309,0216
310,0216
5,0216
311,0216
312,0217
313,0217
314,0218
315,0218
316,0218
317,0220
318,0221
319,0221
1,0222
320,0222
321,0223
322,0223
323,0224
324,0225
1,0226
325,0226
326,0227
327,0228
1,0228
3,0228
328,0228
329,0229
330,0230
1,0231
331,0231
3,0232
3,0232
4,0232
332,0233
333,0233
334,0234
335,0235
336,0235
337,0236
338,0236
2,0237
339,0238
340,0239
2,0239
341,0240
342,0241
343,0242
344,0243
1,0244
345,0244
346,0245
2,0246
347,0246
348,0246
349,0247
350,0248
3,0249
351,0249
1,0250
352,0250
2,0250
353,0250
354,0251
355,0251
356,0252
357,0252
358,0252
359,0254
360,0254
361,0254
362,0254
363,0254
364,0255
365,0255
366,0256
367,0256
368,0257
369,0257
370,0257
1,0258
2,0258
371,0258
372,0259
2,0259
3,0259
373,0260
374,0260
375,0260
376,0261
377,0261
378,0262
379,0262
380,0263
381,0263
382,0264
383,0264
384,0264
1,0264
385,0264
386,0265
387,0265
388,0266
389,0266
390,0267
6,0267
391,0268
392,0268
393,0269
394,0269
395,0270
396,0270
397,0271
398,0271
399,0272
400,0272
401,0272
402,0273
403,0273
404,0274
405,0275
406,0275
407,0275
408,0275
409,0276
410,0276
1,0277
411,0277
412,0278
413,0278
414,0279
415,0279
416,0279
417,0280
418,0280
419,0280
420,0281
421,0281
422,0281
423,0282
424,0282
425,0283
426,0283
427,0285
428,0286
429,0286
430,0286
431,0287
432,0287
433,0287
434,0287
435,0287
436,0287
437,0288
438,0288
439,0289
440,0289
441,0290
442,0290
443,0291
444,0291
445,0291
446,0292
447,0292
448,0292
449,0293
450,0293
451,0293
452,0293
453,0294
454,0294
455,0294
456,0294
457,0295
458,0296
459,0296
460,0296
461,0296
462,0297
463,0297
464,0297
465,0297
466,0297
467,0298
468,0298
469,0298
470,0299
471,0299
472,0299
473,0300
474,0300
475,0300
476,0300
477,0301
478,0301
479,0301
480,0302
481,0302
482,0302
483,0303
3,0303
484,0304
485,0304
486,0304
1,0304
487,0305
488,0305
489,0306
490,0306
491,0307
492,0307
493,0307
494,0308
495,0308
496,0309
497,0310
498,0310
499,0311
500,0312
501,0313
502,0313
503,0314
504,0315
505,0315
506,0316
507,0317
508,0317
509,0318
510,0318
511,0319
512,0320
513,0321
514,0321
515,0323
516,0324
517,0325
518,0326
519,0326
520,0327
521,0328
522,0329
523,0330
524,0330
525,0331
526,0332
527,0333
528,0335
529,0335
530,0337
531,0339
532,0339
533,0340
534,0342
535,0342
536,0345
537,0347
538,0347
539,0348
540,0348
541,0349
542,0350
543,0350
544,0351
1,0351
545,0351
546,0351
547,0352
548,0353
549,0353
550,0354
551,0354
552,0355
553,0355
554,0356
555,0356
556,0357
557,0357
558,0359
559,0359
560,0360
561,0360
562,0361
563,0361
564,0361
565,0362
566,0362
567,0363
568,0363
569,0363
570,0363
571,0364
572,0364
573,0365
574,0365
575,0365
576,0366
577,0367
578,0367
579,0368
580,0370
581,0370
582,0371
583,0372
2,0372
584,0373
585,0374
3,0374
586,0376
587,0376
588,0377
589,0377
590,0378
591,0378
592,0379
593,0380
594,0381
595,0382
596,0382
597,0383
598,0384
599,0385
600,0385
601,0386
602,0387
603,0387
604,0388
605,0389
606,0389
607,0390
608,0390
609,0391
610,0391
611,0392
612,0392
613,0393
614,0393
615,0394
616,0395
617,0395
618,0396
619,0396
620,0398
621,0399
622,0400
623,0401
624,0401
625,0401
626,0402
627,0403
628,0405
1,0406
629,0406
630,0407
631,0408
632,0408
633,0409
634,0409
635,0410
636,0410
637,0411
638,0411
639,0412
640,0412
641,0413
642,0413
643,0414
644,0415
645,0416
646,0416
647,0417
648,0417
649,0418
650,0419
651,0420
652,0422
653,0422
654,0423
655,0423
656,0424
657,0424
658,0425
659,0425
660,0426
661,0427
662,0427
663,0428
664,0428
1,0429
665,0429
666,0430
667,0431
668,0432
669,0433
670,0435
671,0436
672,0437
673,0438
674,0441
675,0441
676,0442
677,0442
678,0442
679,0442
680,0442
681,0442
682,0442
683,0442
684,0442
685,0444
686,0444
687,0444
688,0445
689,0445
690,0445
691,0445
692,0445
693,0445
694,0445
695,0445
696,0446
697,0446
698,0446
699,0446
700,0446
701,0447
702,0447
703,0447
704,0447
705,0447
706,0447
707,0447
708,0448
709,0448
710,0448
711,0448
712,0448
713,0448
714,0448
715,0448
716,0449
717,0449
718,0449
719,0449
720,0450
721,0450
722,0450
723,0450
724,0450
725,0450
726,0450
727,0450
728,0450
729,0451
730,0451
731,0451
732,0451
733,0451
734,0451
735,0451
736,0451
737,0451
738,0451
739,0452
740,0452
741,0452
742,0452
743,0452
744,0452
745,0452
746,0452
747,0452
748,0452
749,0453
750,0453
751,0453
752,0455
753,0455
754,0456
755,0456
756,0457
757,0457
758,0459
759,0460
760,0461
761,0461
762,0462
763,0463
764,0464
765,0465
766,0465
767,0466
768,0466
769,0467
770,0467
771,0467
772,0469
773,0470
774,0470
775,0470
776,0471
777,0471
778,0472
779,0472
780,0473
781,0473
782,0474
783,0474
784,0474
785,0474
786,0475
787,0475
788,0475
789,0477
790,0477
791,0478
792,0478
793,0479
794,0480
795,0480
796,0481
797,0482
798,0483
799,0483
800,0485
801,0486
802,0486
803,0487
