1,0001
2,0002
3,0002
4,0002
5,0002
6,0003
7,0003
8,0003
9,0003
10,0003
11,0003
12,0003
13,0004
14,0004
15,0004
16,0005
17,0005
18,0005
19,0005
20,0005
21,0005
22,0005
23,0005
24,0006
25,0006
26,0006
27,0007
28,0007
29,0007
30,0007
31,0008
32,0008
33,0008
34,0008
35,0008
36,0008
37,0009
38,0009
39,0009
40,0009
41,0009
42,0010
43,0010
44,0010
45,0010
46,0010
47,0010
48,0011
49,0011
50,0011
51,0011
52,0012
53,0012
54,0012
55,0012
56,0012
57,0012
58,0013
59,0013
60,0013
61,0013
62,0013
63,0014
64,0014
65,0014
66,0014
67,0014
68,0015
69,0015
70,0015
71,0015
72,0016
73,0017
74,0017
75,0017
76,0017
77,0017
78,0017
79,0018
80,0018
81,0018
82,0018
83,0019
84,0019
85,0019
86,0019
87,0019
88,0020
89,0020
90,0020
91,0020
92,0020
93,0021
94,0021
95,0021
96,0021
97,0021
98,0021
99,0022
100,0022
101,0022
102,0022
103,0022
104,0023
105,0023
106,0023
107,0023
108,0023
109,0024
110,0024
111,0024
112,0024
113,0024
114,0024
115,0024
116,0025
117,0025
118,0025
119,0025
120,0026
121,0026
122,0026
123,0026
124,0026
125,0027
126,0027
127,0027
128,0027
129,0027
130,0027
131,0028
132,0028
133,0028
134,0028
135,0029
136,0029
137,0029
138,0029
139,0029
140,0029
141,0029
142,0029
143,0030
144,0030
145,0030
146,0030
147,0030
148,0031
149,0031
150,0031
151,0031
152,0031
153,0031
154,0031
155,0031
156,0032
157,0032
158,0032
159,0032
160,0032
161,0032
162,0032
163,0033
164,0033
165,0033
166,0033
167,0034
168,0034
169,0034
170,0034
171,0034
172,0034
173,0034
174,0035
175,0035
176,0035
177,0035
178,0035
179,0035
180,0036
181,0036
182,0036
183,0036
184,0036
185,0037
186,0037
187,0037
188,0037
189,0037
190,0037
191,0038
192,0038
193,0038
194,0038
195,0038
196,0039
197,0039
198,0039
199,0039
200,0039
201,0040
202,0040
203,0040
204,0040
205,0041
206,0041
207,0041
208,0041
209,0041
210,0041
211,0042
212,0042
213,0042
214,0042
215,0042
216,0042
217,0043
218,0043
219,0043
220,0043
221,0043
222,0044
223,0044
224,0044
225,0044
226,0044
227,0044
228,0044
229,0044
230,0045
231,0045
232,0045
233,0045
234,0045
235,0046
236,0046
237,0046
238,0046
239,0046
240,0046
241,0046
242,0047
243,0047
244,0047
245,0047
246,0047
247,0047
248,0047
249,0048
250,0048
251,0048
252,0048
253,0048
254,0049
255,0049
256,0049
257,0049
258,0049
259,0049
260,0050
261,0050
262,0050
263,0050
264,0050
265,0051
266,0051
267,0051
268,0051
269,0051
270,0051
271,0051
272,0052
273,0052
274,0052
275,0052
276,0052
277,0053
278,0053
279,0053
280,0053
281,0053
282,0053
283,0054
284,0054
285,0054
286,0054
287,0054
288,0055
289,0055
290,0055
291,0055
292,0055
293,0055
294,0055
295,0055
296,0056
297,0056
298,0056
299,0056
300,0056
301,0056
302,0056
303,0057
304,0057
305,0057
306,0057
307,0057
308,0057
309,0058
310,0058
311,0058
312,0058
313,0058
314,0058
315,0058
316,0059
317,0059
318,0059
319,0059
320,0059
321,0059
322,0059
323,0060
324,0060
325,0060
326,0060
327,0061
328,0061
329,0061
330,0061
331,0061
332,0061
333,0061
334,0061
335,0062
336,0062
337,0062
338,0062
339,0062
340,0062
341,0062
342,0063
343,0063
344,0063
345,0063
346,0063
347,0063
348,0063
349,0064
350,0064
351,0064
352,0064
353,0064
354,0064
355,0064
356,0064
357,0064
358,0065
359,0065
360,0065
361,0065
362,0065
363,0066
364,0066
365,0066
366,0066
367,0066
368,0066
369,0066
370,0067
371,0067
372,0067
373,0067
374,0067
375,0067
376,0067
377,0068
378,0068
379,0068
380,0068
381,0068
382,0068
383,0068
384,0069
385,0069
386,0069
387,0069
388,0069
389,0069
390,0069
391,0070
392,0070
393,0070
394,0070
395,0070
396,0071
397,0071
398,0071
399,0071
400,0071
401,0072
402,0072
403,0072
404,0072
405,0072
406,0073
407,0073
408,0073
409,0073
410,0073
411,0073
412,0073
413,0073
414,0073
415,0073
416,0074
417,0074
418,0074
419,0074
420,0074
421,0074
422,0074
423,0074
424,0075
425,0075
426,0075
427,0075
428,0075
429,0075
430,0075
431,0075
432,0076
433,0076
434,0076
435,0076
436,0076
437,0076
438,0077
439,0077
440,0077
441,0077
442,0077
443,0078
444,0078
445,0078
446,0078
447,0078
448,0078
449,0078
450,0079
451,0079
452,0079
453,0079
454,0079
455,0079
456,0079
457,0079
458,0080
459,0080
460,0080
461,0080
462,0080
463,0080
464,0081
465,0081
466,0081
467,0081
468,0081
469,0081
470,0081
471,0081
472,0082
473,0082
474,0082
475,0082
476,0082
477,0083
478,0083
479,0083
480,0083
481,0083
482,0083
483,0083
484,0083
485,0084
486,0084
487,0084
488,0084
489,0085
490,0085
491,0085
492,0085
493,0085
494,0085
495,0086
496,0086
497,0086
498,0086
499,0086
500,0086
501,0086
502,0086
503,0087
504,0087
505,0087
506,0087
507,0087
508,0087
509,0088
510,0088
511,0088
512,0088
513,0088
514,0088
515,0088
516,0089
517,0089
518,0089
519,0089
520,0089
521,0090
522,0090
523,0090
524,0090
525,0090
526,0091
527,0091
528,0091
529,0091
530,0091
531,0091
532,0092
533,0092
534,0092
535,0092
536,0092
537,0092
538,0092
539,0093
540,0093
541,0093
542,0093
543,0093
544,0093
545,0094
546,0094
547,0094
548,0094
549,0094
550,0094
551,0094
552,0095
553,0095
554,0095
555,0095
556,0095
557,0095
558,0095
559,0096
560,0096
561,0096
562,0096
563,0096
564,0096
565,0096
566,0097
567,0097
568,0097
569,0097
570,0097
571,0097
572,0097
573,0097
574,0098
575,0098
576,0098
577,0098
578,0098
579,0098
580,0098
581,0099
582,0099
583,0099
584,0099
585,0099
586,0100
587,0100
588,0100
589,0100
590,0100
591,0100
592,0100
593,0101
594,0101
595,0101
596,0101
597,0101
598,0101
599,0102
600,0102
601,0102
602,0102
603,0102
604,0102
605,0102
606,0103
607,0103
608,0103
609,0103
610,0103
611,0103
612,0104
613,0104
614,0104
615,0104
616,0104
617,0104
618,0104
619,0104
620,0105
621,0105
622,0105
623,0105
624,0105
625,0106
626,0106
627,0106
628,0106
629,0106
630,0107
631,0107
632,0107
633,0107
634,0107
635,0107
636,0107
637,0108
638,0108
639,0108
640,0108
641,0108
642,0108
643,0108
644,0108
645,0108
646,0109
647,0109
648,0109
649,0109
650,0109
651,0109
652,0109
653,0110
654,0110
655,0110
656,0110
657,0110
658,0110
659,0110
660,0110
661,0110
662,0111
663,0111
664,0111
665,0111
666,0111
667,0111
668,0112
669,0112
670,0112
671,0112
672,0112
673,0112
674,0112
675,0112
676,0113
677,0113
678,0113
679,0113
680,0113
681,0113
682,0113
683,0114
684,0114
685,0114
686,0114
687,0114
688,0114
689,0114
690,0115
691,0115
692,0115
693,0115
694,0115
695,0115
696,0115
697,0116
698,0116
699,0116
700,0116
701,0116
702,0116
703,0117
704,0117
705,0117
706,0117
707,0117
708,0118
709,0118
710,0118
711,0118
712,0118
713,0118
714,0118
715,0119
716,0119
717,0119
718,0119
719,0119
720,0119
721,0119
722,0120
723,0120
724,0120
725,0120
726,0120
727,0120
728,0120
729,0121
730,0121
731,0121
732,0121
733,0121
734,0121
735,0121
736,0122
737,0122
738,0122
739,0122
740,0122
741,0122
742,0122
743,0122
744,0123
745,0123
746,0123
747,0123
748,0123
749,0124
750,0124
751,0124
752,0124
753,0124
754,0125
755,0125
756,0125
757,0125
758,0125
759,0125
760,0125
761,0126
762,0126
763,0126
764,0126
765,0126
766,0126
767,0127
768,0127
769,0127
770,0127
771,0127
772,0127
773,0127
774,0128
775,0128
776,0128
777,0128
778,0128
779,0129
780,0129
781,0129
782,0129
783,0129
784,0129
785,0130
786,0130
787,0130
788,0130
789,0130
790,0130
791,0130
792,0131
793,0131
794,0131
795,0131
796,0131
797,0131
798,0132
799,0132
800,0132
801,0132
802,0132
803,0132
804,0132
805,0133
806,0133
807,0133
808,0133
809,0133
810,0133
811,0134
812,0134
813,0134
814,0134
815,0134
816,0135
817,0135
818,0135
819,0135
820,0135
821,0135
822,0135
823,0136
824,0136
825,0136
826,0136
827,0136
828,0137
829,0137
830,0137
831,0137
832,0137
833,0137
834,0138
835,0138
836,0138
837,0138
838,0138
839,0138
840,0138
841,0138
842,0139
843,0139
844,0139
845,0139
846,0140
847,0140
848,0140
849,0140
850,0140
851,0140
852,0140
853,0140
854,0140
855,0141
856,0141
857,0141
858,0141
859,0141
860,0141
861,0141
862,0141
863,0142
864,0142
865,0142
866,0142
867,0142
868,0142
869,0143
870,0143
871,0143
872,0143
873,0144
874,0144
875,0144
876,0144
877,0144
878,0144
879,0145
880,0145
881,0145
882,0145
883,0145
884,0145
885,0146
886,0146
887,0146
888,0146
889,0146
890,0146
891,0147
892,0147
893,0147
894,0147
895,0147
896,0147
897,0147
898,0147
899,0148
900,0148
901,0148
902,0148
903,0148
904,0149
905,0149
906,0149
907,0149
908,0149
909,0150
910,0150
911,0150
912,0150
913,0150
914,0150
915,0150
916,0151
917,0151
918,0151
919,0151
920,0151
921,0151
922,0152
923,0152
924,0152
925,0152
926,0152
927,0152
928,0153
929,0153
930,0153
931,0153
932,0153
933,0153
934,0153
935,0154
936,0154
937,0154
938,0154
939,0154
940,0154
941,0155
942,0155
943,0155
944,0155
945,0155
946,0155
947,0155
948,0156
949,0156
950,0156
951,0156
952,0156
953,0156
954,0157
955,0157
956,0157
957,0157
958,0157
959,0158
960,0158
961,0158
962,0158
963,0158
964,0158
965,0158
966,0159
967,0159
968,0159
969,0159
970,0159
971,0159
972,0159
973,0160
974,0160
975,0160
976,0160
977,0160
978,0160
979,0161
980,0161
981,0161
982,0161
983,0161
984,0161
985,0161
986,0161
987,0161
988,0162
989,0162
990,0162
991,0162
992,0162
993,0162
994,0162
995,0163
996,0163
997,0163
998,0163
999,0163
1000,0163
1001,0163
1002,0163
1003,0163
1004,0164
1005,0164
1006,0164
1007,0164
1008,0164
1009,0164
1010,0164
1011,0164
1012,0165
1013,0165
1014,0165
1015,0165
1016,0165
1017,0165
1018,0165
1019,0166
1020,0166
1021,0166
1022,0166
1023,0166
1024,0166
1025,0166
1026,0166
1027,0166
1028,0167
1029,0167
1030,0167
1031,0167
1032,0167
1033,0167
1034,0167
1035,0167
1036,0168
1037,0168
1038,0168
1039,0168
1040,0168
1041,0168
1042,0168
1043,0168
1044,0168
1045,0169
1046,0169
1047,0169
1048,0169
1049,0169
1050,0169
1051,0170
1052,0170
1053,0170
1054,0171
1055,0171
1056,0171
1057,0171
1058,0171
1059,0171
1060,0171
1061,0172
1062,0172
1063,0172
1064,0172
1065,0172
1066,0173
1067,0173
1068,0173
1069,0173
1070,0173
1071,0173
1072,0173
1073,0174
1074,0174
1075,0174
1076,0174
1077,0174
1078,0174
1079,0174
1080,0175
1081,0175
1082,0175
1083,0175
1084,0175
1085,0176
1086,0176
1087,0176
1088,0176
1089,0176
1090,0176
1091,0177
1092,0177
1093,0177
1094,0177
1095,0177
1096,0177
1097,0178
1098,0178
1099,0178
1100,0178
1101,0179
1102,0179
1103,0179
1104,0179
1105,0179
1106,0179
1107,0179
1108,0180
1109,0180
1110,0180
1111,0180
1112,0180
1113,0180
1114,0181
1115,0181
1116,0181
1117,0181
1118,0181
1119,0181
1120,0182
1121,0182
1122,0182
1123,0182
1124,0182
1125,0183
1126,0183
1127,0183
1128,0183
1129,0183
1130,0183
1131,0184
1132,0184
1133,0184
1134,0184
1135,0184
1136,0185
1137,0185
1138,0185
1139,0185
1140,0186
1141,0186
1142,0186
1143,0186
1144,0187
1145,0187
1146,0187
1147,0187
1148,0187
1149,0188
1150,0188
1151,0188
1152,0188
1153,0188
1154,0188
1155,0189
1156,0189
1157,0189
1158,0189
1159,0189
1160,0189
1161,0190
1162,0190
1163,0190
1164,0190
1165,0190
1166,0191
1167,0191
1168,0191
1169,0191
1170,0192
1171,0192
1172,0192
1173,0192
1174,0192
1175,0192
1176,0193
1177,0193
1178,0193
1179,0193
1180,0193
1181,0193
1182,0194
1183,0194
1184,0194
1185,0194
1186,0194
1187,0194
1188,0195
1189,0195
1190,0195
1191,0195
1192,0195
1193,0195
1194,0195
1195,0196
1196,0196
1197,0196
1198,0196
1199,0196
1200,0197
1201,0197
1202,0197
1203,0197
1204,0197
1205,0197
1206,0198
1207,0198
1208,0198
1209,0198
1210,0198
1211,0199
1212,0199
1213,0199
1214,0200
1215,0200
1216,0200
1217,0200
1218,0201
1219,0201
1220,0201
1221,0201
1222,0201
1223,0202
1224,0202
1225,0202
1226,0202
1227,0202
1228,0202
1229,0202
1230,0203
1231,0203
1232,0203
1233,0203
1234,0203
1235,0204
1236,0204
1237,0204
1238,0204
1239,0205
1240,0205
1241,0205
1242,0205
1243,0205
1244,0205
1245,0205
1246,0206
1247,0206
1248,0206
1249,0206
1250,0206
1251,0207
1252,0207
1253,0207
1254,0207
1255,0207
1256,0207
1257,0208
1258,0208
1259,0208
1260,0208
1261,0208
1262,0208
1263,0208
1264,0209
1265,0209
1266,0209
1267,0209
1268,0209
1269,0210
1270,0210
1271,0210
1272,0210
1273,0210
1274,0210
1275,0211
1276,0211
1277,0211
1278,0211
1279,0212
1280,0212
1281,0212
1282,0212
1283,0212
1284,0212
1285,0212
1286,0213
1287,0213
1288,0213
1289,0213
1290,0214
1291,0214
1292,0214
1293,0214
1294,0214
1295,0214
1296,0214
1297,0215
1298,0215
1299,0215
1300,0215
1301,0215
1302,0216
1303,0216
1304,0216
1305,0216
1306,0216
1307,0217
1308,0217
1309,0217
1310,0217
1311,0217
1312,0217
1313,0218
1314,0218
1315,0218
1316,0218
1317,0218
1318,0218
1319,0219
1320,0219
1321,0219
1322,0219
1323,0219
1324,0219
1325,0220
1326,0220
1327,0220
1328,0220
1329,0220
1330,0220
1331,0220
1332,0220
1333,0221
1334,0221
1335,0221
1336,0221
1337,0222
1338,0222
1339,0222
1340,0222
1341,0223
1342,0223
1343,0223
1344,0223
1345,0223
1346,0223
1347,0224
1348,0224
1349,0224
1350,0224
1351,0224
1352,0224
1353,0225
1354,0225
1355,0225
1356,0225
1357,0225
1358,0225
1359,0226
1360,0226
1361,0226
1362,0226
1363,0227
1364,0227
1365,0227
1366,0227
1367,0227
1368,0227
1369,0228
1370,0228
1371,0228
1372,0228
1373,0228
1374,0229
1375,0229
1376,0229
1377,0229
1378,0230
1379,0230
1380,0230
1381,0231
1382,0231
1383,0231
1384,0231
1385,0231
1386,0231
1387,0232
1388,0232
1389,0232
1390,0232
1391,0232
1392,0233
1393,0233
1394,0233
1395,0233
1396,0233
1397,0234
1398,0234
1399,0234
1400,0234
1401,0234
1402,0234
1403,0235
1404,0235
1405,0235
1406,0235
1407,0235
1408,0236
1409,0236
1410,0236
1411,0236
1412,0236
1413,0237
1414,0237
1415,0237
1416,0237
1417,0238
1418,0238
1419,0238
1420,0239
1421,0239
1422,0239
1423,0239
1424,0239
1425,0240
1426,0240
1427,0240
1428,0241
1429,0241
1430,0241
1431,0241
1432,0241
1433,0241
1434,0241
1435,0242
1436,0242
1437,0242
1438,0243
1439,0243
1440,0243
1441,0243
1442,0244
1443,0244
1444,0244
1445,0244
1446,0244
1447,0245
1448,0245
1449,0245
1450,0246
1451,0246
1452,0246
1453,0246
1454,0247
1455,0247
1456,0247
1457,0247
1458,0247
1459,0248
1460,0249
1461,0249
1462,0249
1463,0249
1464,0250
1465,0250
1466,0250
1467,0250
1468,0250
1469,0251
1470,0251
1471,0251
1472,0251
1473,0252
1474,0252
1475,0252
1476,0252
1477,0253
1478,0253
1479,0253
1480,0253
1481,0254
1482,0254
1483,0254
1484,0255
1485,0255
1486,0255
1487,0255
1488,0256
1489,0256
1490,0256
1491,0256
1492,0257
1493,0257
1494,0257
1495,0257
1496,0258
1497,0258
1498,0259
1499,0259
1500,0259
1501,0259
1502,0260
1503,0260
1504,0260
1505,0260
1506,0260
1507,0260
1508,0261
1509,0261
1510,0261
1511,0261
1512,0262
1513,0262
1514,0263
1515,0263
1516,0263
1517,0263
1518,0263
1519,0263
1520,0264
1521,0264
1522,0264
1523,0265
1524,0265
1525,0265
1526,0265
1527,0265
1528,0266
1529,0266
1530,0266
1531,0266
1532,0267
1533,0267
1534,0267
1535,0268
1536,0268
1537,0268
1538,0268
1539,0268
1540,0268
1541,0269
1542,0269
1543,0269
1544,0269
1545,0269
1546,0270
1547,0270
1548,0270
1549,0270
1550,0271
1551,0271
1552,0271
1553,0271
1554,0271
1555,0272
1556,0272
1557,0272
1558,0272
1559,0272
1560,0273
1561,0273
1562,0273
1563,0273
1564,0273
1565,0274
1566,0274
1567,0274
1568,0274
1569,0274
1570,0275
1571,0275
1572,0275
1573,0275
1574,0276
1575,0276
1576,0276
1577,0276
1578,0277
1579,0277
1580,0277
1581,0277
1582,0277
1583,0278
1584,0278
1585,0278
1586,0278
1587,0279
1588,0279
1589,0279
1590,0280
1591,0280
1592,0280
1593,0281
1594,0281
1595,0281
1596,0281
1597,0281
1598,0282
1599,0282
1600,0282
1601,0282
1602,0283
1603,0283
1604,0283
1605,0283
1606,0283
1607,0284
1608,0284
1609,0284
1610,0284
1611,0285
1612,0285
1613,0285
1614,0285
1615,0285
1616,0285
1617,0286
1618,0286
1619,0286
1620,0286
1621,0286
1622,0286
1623,0287
1624,0287
1625,0287
1626,0287
1627,0288
1628,0288
1629,0288
1630,0289
1631,0289
1632,0289
1633,0290
1634,0290
1635,0290
1636,0290
1637,0291
1638,0291
1639,0291
1640,0291
1641,0291
1642,0291
1643,0292
1644,0292
1645,0292
1646,0292
1647,0292
1648,0292
1649,0293
1650,0293
1651,0293
1652,0293
1653,0293
1654,0294
1655,0294
1656,0294
1657,0294
1658,0294
1659,0294
1660,0294
1661,0295
1662,0295
1663,0295
1664,0295
1665,0295
1666,0295
1667,0296
1668,0296
1669,0296
1670,0296
1671,0296
1672,0297
1673,0297
1674,0297
1675,0297
1676,0297
1677,0298
1678,0298
1679,0298
1680,0298
1681,0298
1682,0299
1683,0299
1684,0299
1685,0299
1686,0299
1687,0299
1688,0300
1689,0300
1690,0300
1691,0300
1692,0300
1693,0300
1694,0301
1695,0301
1696,0301
1697,0301
1698,0301
1699,0301
1700,0302
1701,0302
1702,0302
1703,0302
1704,0302
1705,0302
1706,0303
1707,0303
1708,0303
1709,0303
1710,0303
1711,0303
1712,0303
1713,0304
1714,0304
1715,0304
1716,0304
1717,0304
1718,0304
1719,0305
1720,0305
1721,0305
1722,0305
1723,0305
1724,0306
1725,0306
1726,0306
1727,0306
1728,0306
1729,0306
1730,0306
1731,0307
1732,0307
1733,0307
1734,0307
1735,0307
1736,0307
1737,0308
1738,0308
1739,0308
1740,0308
1741,0308
1742,0309
1743,0309
1744,0309
1745,0309
1746,0309
1747,0310
1748,0310
1749,0310
1750,0310
1751,0310
1752,0310
1753,0310
1754,0311
1755,0311
1756,0311
1757,0311
1758,0312
1759,0312
1760,0312
1761,0312
1762,0312
1763,0312
1764,0313
1765,0313
1766,0313
1767,0313
1768,0313
1769,0313
1770,0314
1771,0314
1772,0314
1773,0314
1774,0314
1775,0314
1776,0314
1777,0315
1778,0315
1779,0315
1780,0315
1781,0315
1782,0315
1783,0315
1784,0316
1785,0316
1786,0316
1787,0316
1788,0316
1789,0316
1790,0316
1791,0317
1792,0317
1793,0317
1794,0317
1795,0317
1796,0317
1797,0317
1798,0318
1799,0318
1800,0318
1801,0318
1802,0318
1803,0318
1804,0318
1805,0319
1806,0319
1807,0319
1808,0319
1809,0319
1810,0319
1811,0319
1812,0320
1813,0320
1814,0320
1815,0320
1816,0320
1817,0320
1818,0321
1819,0321
1820,0321
1821,0321
1822,0321
1823,0321
1824,0321
1825,0322
1826,0322
1827,0322
1828,0322
1829,0322
1830,0322
1831,0322
1832,0323
1833,0323
1834,0323
1835,0323
1836,0323
1837,0323
1838,0323
1839,0323
1840,0324
1841,0324
1842,0324
1843,0324
1844,0324
1845,0324
1846,0324
1847,0324
1848,0325
1849,0325
1850,0325
1851,0325
1852,0325
1853,0325
1854,0326
1855,0326
1856,0326
1857,0326
1858,0326
1859,0326
1860,0326
1861,0326
1862,0327
1863,0327
1864,0327
1865,0327
1866,0327
1867,0327
1868,0327
1869,0327
1870,0328
1871,0328
1872,0328
1873,0328
1874,0328
1875,0328
1876,0328
1877,0328
1878,0329
1879,0329
1880,0329
1881,0329
1882,0329
1883,0329
1884,0329
1885,0330
1886,0330
1887,0330
1888,0330
1889,0330
1890,0331
1891,0331
1892,0331
1893,0331
1894,0331
1895,0332
1896,0332
1897,0332
1898,0332
1899,0332
1900,0332
1901,0333
1902,0333
1903,0333
1904,0333
1905,0333
1906,0334
1907,0334
1908,0334
1909,0334
1910,0334
1911,0334
1,0335
2,0335
3,0335
4,0335
5,0336
6,0336
7,0336
8,0336
9,0336
10,0337
11,0337
12,0337
13,0337
14,0338
15,0338
16,0338
17,0339
18,0339
19,0339
20,0339
21,0340
22,0340
23,0340
24,0341
25,0341
26,0341
27,0341
28,0341
29,0342
30,0342
31,0343
32,0343
33,0344
34,0344
35,0344
36,0344
37,0344
38,0344
39,0345
40,0345
41,0345
42,0345
43,0345
44,0346
45,0346
46,0346
47,0346
48,0346
49,0346
50,0346
51,0347
52,0348
53,0348
54,0348
55,0349
56,0349
57,0349
58,0349
59,0349
60,0349
61,0350
62,0350
63,0350
64,0351
65,0351
66,0351
67,0351
68,0351
69,0352
70,0352
71,0352
72,0352
73,0353
74,0353
75,0354
76,0354
77,0354
78,0354
79,0354
80,0354
81,0355
82,0355
83,0355
84,0355
85,0356
86,0356
87,0356
88,0357
89,0357
90,0357
91,0357
92,0357
93,0358
94,0358
95,0359
96,0359
97,0359
98,0359
99,0359
100,0359
101,0359
102,0359
103,0360
104,0360
105,0360
106,0360
107,0361
108,0361
109,0361
110,0361
111,0361
112,0362
113,0362
114,0362
115,0363
116,0363
117,0363
118,0363
119,0363
120,0364
121,0364
122,0364
123,0364
124,0364
125,0364
126,0365
127,0365
128,0365
129,0366
130,0366
131,0366
132,0366
133,0366
134,0366
135,0370
136,0371
137,0371
138,0371
139,0371
140,0371
141,0373
142,0373
143,0373
144,0373
145,0373
146,0374
147,0374
148,0374
149,0374
150,0374
151,0374
152,0375
153,0376
154,0376
155,0376
156,0376
157,0376
158,0376
159,0377
160,0377
161,0377
162,0377
163,0378
164,0379
165,0379
166,0379
167,0379
168,0380
169,0380
170,0380
171,0380
172,0380
173,0380
174,0380
175,0381
176,0381
177,0381
178,0381
179,0381
180,0382
181,0382
182,0382
183,0382
184,0383
185,0383
186,0383
187,0383
188,0384
189,0384
190,0384
191,0384
192,0384
193,0384
194,0384
195,0385
196,0385
197,0385
198,0385
199,0385
200,0385
201,0385
202,0385
203,0386
204,0386
205,0386
206,0386
207,0386
208,0386
209,0386
210,0386
211,0387
212,0387
213,0387
214,0387
215,0387
216,0387
217,0387
218,0388
219,0388
220,0389
221,0389
222,0389
223,0389
224,0389
225,0390
226,0390
227,0390
228,0390
229,0391
230,0391
231,0391
232,0391
233,0391
234,0392
235,0392
236,0392
237,0393
238,0393
239,0393
240,0393
241,0393
242,0393
243,0393
244,0393
245,0393
246,0394
247,0394
248,0394
249,0395
250,0395
251,0395
252,0395
253,0395
254,0396
255,0396
256,0396
257,0396
258,0396
259,0396
260,0396
261,0397
262,0397
263,0397
264,0397
265,0397
266,0398
267,0398
268,0398
269,0398
270,0398
271,0399
272,0399
273,0399
274,0399
275,0400
276,0400
277,0400
278,0400
279,0400
280,0401
281,0401
282,0401
283,0401
284,0401
285,0401
286,0401
287,0402
288,0402
289,0402
290,0402
291,0402
292,0402
293,0402
294,0403
295,0403
296,0403
297,0403
298,0403
299,0404
300,0404
301,0404
302,0404
303,0404
304,0404
305,0404
306,0405
307,0405
308,0405
309,0405
310,0405
311,0405
312,0405
313,0405
314,0405
315,0406
316,0406
317,0406
318,0406
319,0407
320,0407
321,0407
322,0407
323,0407
324,0407
325,0407
326,0408
327,0408
328,0408
329,0408
330,0409
331,0409
332,0409
333,0409
334,0409
335,0409
336,0410
337,0410
338,0410
339,0410
340,0410
341,0410
342,0411
343,0411
344,0412
345,0412
346,0412
347,0412
348,0412
349,0412
350,0413
351,0413
352,0413
353,0413
354,0414
355,0414
356,0414
357,0414
358,0414
359,0415
360,0416
361,0416
362,0416
363,0416
364,0416
365,0416
366,0417
367,0418
368,0418
369,0419
370,0419
371,0419
372,0419
373,0419
374,0419
375,0419
376,0420
377,0420
378,0420
379,0420
380,0420
381,0420
382,0421
383,0421
384,0421
385,0421
386,0421
387,0421
388,0421
389,0421
390,0422
391,0422
392,0422
393,0422
394,0422
395,0422
396,0422
397,0422
398,0423
399,0423
400,0423
401,0423
402,0423
403,0423
404,0424
405,0424
406,0424
407,0424
408,0424
409,0424
410,0425
411,0425
412,0425
413,0425
414,0425
415,0425
416,0425
417,0426
418,0426
419,0426
420,0426
421,0426
422,0426
423,0427
424,0427
425,0427
426,0427
427,0427
428,0427
429,0427
430,0427
431,0427
432,0428
433,0428
434,0428
435,0428
436,0428
437,0428
438,0428
439,0428
440,0429
441,0429
442,0429
443,0429
444,0429
445,0429
446,0429
447,0429
448,0430
449,0430
450,0430
451,0430
452,0430
453,0430
454,0430
455,0430
456,0430
457,0433
458,0433
459,0433
460,0433
461,0433
462,0433
463,0433
464,0433
465,0433
466,0433
467,0434
468,0434
469,0434
470,0434
471,0434
472,0434
473,0434
474,0435
475,0435
476,0435
477,0435
478,0435
479,0435
480,0435
481,0436
482,0436
483,0436
484,0436
485,0436
486,0436
487,0436
488,0436
489,0437
490,0437
491,0437
492,0437
493,0437
494,0437
495,0438
496,0438
497,0438
498,0438
499,0438
500,0439
501,0439
502,0439
503,0439
504,0439
505,0439
506,0439
507,0439
508,0440
509,0440
510,0440
511,0440
512,0440
513,0441
514,0441
515,0441
516,0441
517,0441
518,0442
519,0442
520,0442
521,0442
522,0442
523,0443
524,0443
525,0443
526,0443
527,0443
528,0443
529,0443
530,0443
531,0444
532,0444
533,0444
534,0444
535,0444
536,0444
537,0444
538,0445
539,0445
540,0445
541,0445
542,0445
543,0445
544,0445
545,0445
546,0445
547,0446
548,0446
549,0446
550,0446
551,0446
552,0446
553,0446
554,0447
555,0447
556,0447
557,0447
558,0447
559,0447
560,0447
561,0447
562,0448
563,0448
564,0448
565,0448
566,0448
567,0448
568,0449
569,0449
570,0449
571,0449
572,0449
573,0449
574,0449
575,0450
576,0450
577,0450
578,0450
579,0450
580,0451
581,0451
582,0451
583,0452
584,0452
585,0452
586,0452
587,0452
588,0452
589,0453
590,0453
591,0453
592,0453
593,0454
594,0454
595,0454
596,0454
597,0454
598,0455
599,0455
600,0455
601,0455
602,0455
603,0455
604,0455
605,0456
606,0456
607,0456
608,0457
609,0457
610,0457
611,0457
612,0457
613,0457
614,0458
615,0458
616,0458
617,0458
618,0458
619,0458
620,0459
621,0459
622,0460
623,0460
624,0460
625,0460
626,0460
627,0460
628,0460
629,0461
630,0461
631,0461
632,0461
633,0462
634,0462
635,0462
636,0462
637,0462
638,0462
639,0463
640,0463
641,0463
642,0463
643,0464
644,0464
645,0464
646,0464
647,0464
648,0464
649,0464
650,0465
651,0465
652,0465
653,0465
654,0466
655,0466
656,0466
657,0467
658,0467
659,0467
660,0467
661,0468
662,0468
663,0468
664,0468
665,0468
666,0469
667,0469
668,0469
669,0469
670,0470
671,0470
672,0470
673,0470
674,0470
675,0471
676,0471
677,0471
678,0471
679,0472
680,0472
681,0472
682,0472
683,0472
684,0473
685,0473
686,0473
687,0473
688,0473
689,0473
690,0473
691,0473
692,0474
693,0474
694,0474
695,0474
696,0475
697,0475
698,0475
699,0475
700,0475
701,0476
702,0476
703,0476
704,0476
705,0476
706,0477
707,0477
708,0477
709,0477
710,0477
711,0477
712,0478
713,0478
714,0478
715,0478
716,0478
717,0478
718,0479
719,0479
720,0479
721,0479
722,0479
723,0480
724,0480
725,0480
726,0480
727,0481
728,0481
729,0481
730,0481
731,0481
732,0481
733,0482
734,0482
735,0482
736,0482
737,0482
738,0483
739,0483
740,0483
741,0483
742,0483
743,0483
744,0484
745,0484
746,0484
747,0484
748,0484
749,0485
750,0485
751,0485
752,0485
753,0486
754,0486
755,0486
756,0486
757,0486
758,0487
759,0487
760,0487
761,0487
762,0487
763,0488
764,0488
765,0488
766,0488
767,0488
768,0489
769,0489
770,0489
771,0489
772,0489
773,0490
774,0490
775,0490
776,0490
777,0490
778,0491
779,0491
780,0491
781,0492
782,0492
783,0492
784,0492
785,0492
786,0492
787,0492
788,0492
789,0493
790,0493
791,0493
792,0493
793,0493
794,0493
795,0494
796,0494
797,0494
798,0494
799,0494
800,0494
801,0495
802,0495
803,0495
804,0495
805,0495
806,0496
807,0496
808,0496
809,0496
810,0496
811,0497
812,0497
813,0498
814,0498
815,0498
816,0498
817,0498
818,0498
819,0499
820,0499
821,0499
822,0499
823,0499
824,0500
825,0500
826,0500
827,0500
828,0501
829,0501
830,0501
831,0501
832,0502
833,0502
834,0502
835,0502
836,0502
837,0502
838,0503
839,0503
840,0503
841,0503
842,0503
843,0504
844,0504
845,0504
846,0504
847,0504
848,0504
849,0505
850,0505
851,0505
852,0505
853,0505
854,0505
855,0506
856,0506
857,0506
858,0506
859,0506
860,0506
861,0506
862,0507
863,0507
864,0507
865,0507
866,0508
867,0508
868,0508
869,0508
870,0508
871,0508
872,0508
873,0509
874,0509
875,0509
876,0510
877,0510
878,0510
879,0510
880,0510
881,0511
882,0511
883,0511
884,0511
885,0511
886,0511
887,0512
888,0512
889,0512
890,0512
891,0513
892,0513
893,0513
894,0513
895,0514
896,0514
897,0514
898,0514
899,0514
900,0514
901,0515
902,0515
903,0515
904,0515
905,0515
906,0516
907,0516
908,0516
909,0516
910,0517
911,0517
912,0517
913,0517
914,0517
915,0518
916,0518
917,0518
918,0518
919,0518
920,0519
921,0519
922,0519
923,0519
924,0520
925,0520
926,0520
927,0520
928,0520
929,0520
930,0521
931,0521
932,0521
933,0522
934,0522
935,0522
936,0522
937,0522
938,0522
939,0523
940,0523
941,0523
942,0523
943,0523
944,0523
945,0523
946,0524
947,0524
948,0524
949,0524
950,0524
951,0525
952,0525
953,0525
954,0525
955,0525
956,0526
957,0526
958,0526
959,0526
960,0526
961,0526
962,0526
963,0527
1,0529
2,0529
3,0529
4,0530
5,0530
6,0530
7,0530
8,0530
9,0530
10,0530
11,0531
12,0531
13,0531
14,0531
15,0531
16,0532
17,0532
18,0532
19,0532
20,0532
21,0532
22,0533
23,0533
24,0533
25,0533
26,0533
27,0533
28,0534
29,0534
30,0534
31,0534
32,0534
33,0535
34,0535
35,0535
36,0535
37,0535
38,0535
39,0535
40,0536
41,0536
42,0536
43,0536
44,0536
45,0537
46,0537
47,0537
48,0537
49,0537
50,0537
51,0538
52,0538
53,0538
54,0538
55,0538
56,0539
57,0539
58,0539
59,0539
60,0539
61,0539
62,0539
63,0539
64,0540
65,0540
66,0540
67,0540
68,0540
69,0540
70,0541
71,0541
72,0541
73,0541
74,0541
75,0541
76,0541
77,0542
78,0542
79,0542
80,0542
81,0543
82,0543
83,0543
84,0543
85,0543
86,0543
87,0544
88,0544
89,0544
90,0544
91,0544
92,0545
93,0545
94,0545
95,0545
96,0545
97,0545
98,0546
99,0546
100,0546
101,0546
102,0546
103,0547
104,0547
105,0547
106,0547
107,0547
108,0547
109,0547
110,0548
111,0548
112,0548
113,0548
114,0548
115,0548
116,0548
117,0549
118,0549
119,0549
120,0549
121,0549
122,0550
123,0550
124,0550
125,0550
126,0550
127,0550
128,0550
129,0550
130,0551
131,0551
132,0551
133,0551
134,0552
135,0552
136,0552
137,0552
138,0552
139,0553
140,0553
141,0553
142,0553
143,0553
144,0553
145,0553
146,0554
147,0554
148,0554
149,0554
150,0554
151,0555
152,0555
153,0555
154,0555
155,0555
156,0555
157,0555
158,0556
159,0556
160,0556
161,0556
162,0556
163,0556
164,0557
165,0557
166,0557
167,0557
168,0558
169,0558
170,0558
171,0558
172,0558
173,0558
174,0559
175,0559
176,0559
177,0559
178,0560
179,0560
180,0560
181,0560
182,0561
183,0561
184,0561
185,0561
186,0561
187,0562
188,0562
189,0562
190,0562
191,0563
192,0563
193,0563
194,0564
195,0564
196,0564
197,0564
198,0564
199,0565
200,0565
201,0565
202,0566
203,0566
204,0566
205,0566
206,0566
207,0566
208,0567
209,0567
210,0567
211,0568
212,0568
213,0568
214,0568
215,0568
216,0569
217,0569
218,0569
219,0569
220,0570
1,0571
2,0572
3,0572
4,0572
5,0572
6,0572
7,0572
8,0572
9,0573
10,0573
11,0573
12,0573
13,0574
14,0574
15,0574
16,0575
17,0575
18,0575
19,0575
20,0575
21,0575
22,0575
23,0576
24,0576
25,0576
26,0576
27,0576
28,0577
29,0577
30,0577
31,0577
32,0577
33,0577
34,0578
35,0578
36,0578
37,0578
38,0578
39,0579
40,0579
41,0579
42,0579
43,0580
44,0580
45,0580
46,0580
47,0580
48,0581
49,0581
50,0581
51,0581
52,0581
53,0581
54,0582
55,0582
56,0582
57,0582
58,0582
59,0583
60,0583
61,0583
62,0583
63,0583
64,0583
65,0583
66,0583
67,0584
68,0584
69,0584
70,0584
71,0584
72,0584
73,0584
74,0584
75,0585
76,0585
77,0585
78,0585
79,0585
80,0586
81,0586
82,0586
83,0586
84,0586
85,0586
86,0586
87,0586
88,0587
89,0587
90,0587
91,0587
92,0587
93,0587
94,0588
95,0588
96,0588
97,0588
98,0588
99,0588
100,0589
101,0589
102,0589
103,0589
104,0590
105,0590
106,0590
107,0590
108,0590
109,0590
110,0590
111,0591
112,0591
113,0591
114,0591
115,0591
116,0592
117,0592
118,0592
119,0592
120,0592
121,0593
122,0593
123,0593
124,0593
125,0594
126,0594
127,0594
128,0594
129,0594
130,0594
131,0595
132,0595
133,0595
134,0595
135,0595
136,0596
137,0596
138,0596
139,0596
140,0597
141,0597
142,0597
143,0597
144,0597
145,0598
146,0598
147,0599
148,0599
149,0599
