403,0001
404,0002
405,0002
406,0003
407,0003
408,0004
409,0004
410,0005
411,0006
412,0006
413,0007
414,0007
415,0008
416,0008
417,0010
418,0011
419,0011
420,0012
421,0013
422,0013
423,0024
424,0024
425,0025
426,0026
827,0026
428,0027
429,0027
430,0028
431,0029
432,0029
433,0030
434,0030
435,0031
436,0031
437,0032
438,0032
439,0034
440,0035
441,0036
442,0036
443,0037
444,0037
445,0038
446,0038
447,0039
448,0040
449,0042
450,0042
451,0044
452,0065
453,0065
454,0067
455,0067
456,0069
457,0070
458,0071
459,0071
460,0072
461,0073
462,0075
463,0076
464,0090
465,0091
466,0091
467,0092
468,0092
469,0092
470,0093
471,0093
472,0094
473,0094
474,0095
475,0095
476,0096
477,0096
478,0097
479,0097
480,0097
481,0098
482,0098
483,0098
484,0099
485,0099
486,0102
487,0102
488,0103
489,0105
490,0107
491,0109
492,0109
493,0110
494,0111
495,0111
496,0112
497,0112
498,0113
499,0113
500,0114
501,0114
502,0114
503,0115
504,0116
505,0116
506,0117
507,0118
508,0118
509,0119
510,0120
511,0121
512,0122
513,0123
514,0125
515,0128
516,0128
517,0129
518,0130
519,0132
520,0132
521,0141
522,0142
523,0142
524,0143
525,0143
526,0145
527,0146
528,0147
529,0148
530,0148
531,0149
532,0149
533,0150
534,0150
535,0170
536,0170
537,0171
538,0172
539,0173
540,0174
541,0174
542,0175
543,0175
544,0176
545,0177
546,0177
547,0178
548,0179
549,0182
550,0182
551,0183
552,0183
553,0184
554,0186
555,0188
556,0188
557,0189
558,0189
559,0193
560,0193
561,0194
562,0196
563,0196
564,0197
565,0198
566,0199
567,0199
568,0200
569,0201
570,0202
571,0211
572,0212
573,0212
574,0213
575,0214
576,0215
577,0215
578,0216
579,0217
580,0218
581,0219
582,0221
583,0222
584,0231
585,0231
586,0233
587,0233
588,0234
589,0234
590,0239
591,0239
592,0240
593,0241
594,0241
595,0243
596,0243
597,0244
598,0245
599,0245
600,0245
601,0246
602,0246
603,0247
604,0284
605,0284
606,0286
607,0287
608,0288
609,0288
610,0292
611,0293
612,0294
613,0304
614,0304
615,0305
616,0306
617,0306
618,0307
619,0308
620,0308
621,0309
622,0310
623,0311
624,0311
625,0312
626,0312
627,0313
628,0313
629,0317
630,0322
631,0322
632,0323
633,0325
634,0326
635,0328
636,0328
637,0329
638,0330
639,0332
640,0332
641,0333
642,0333
643,0334
644,0334
645,0335
646,0340
647,0340
648,0341
649,0342
650,0343
651,0346
652,0346
653,0347
654,0348
655,0349
656,0349
657,0350
658,0353
659,0353
660,0356
661,0372
662,0372
663,0373
664,0374
665,0375
666,0376
667,0377
668,0378
669,0379
670,0380
671,0381
672,0384
673,0384
674,0385
675,0386
676,0386
677,0386
678,0387
679,0387
680,0388
681,0388
682,0389
683,0389
684,0390
685,0390
686,0391
687,0391
688,0392
689,0392
690,0393
691,0393
692,0394
693,0394
694,0395
695,0395
696,0396
697,0397
698,0397
699,0397
700,0398
701,0400
702,0400
703,0401
704,0404
705,0404
706,0405
707,0406
708,0414
709,0428
710,0428
711,0429
712,0429
713,0430
714,0431
715,0431
716,0431
717,0432
718,0433
719,0433
720,0434
720,0435
722,0435
723,0436
724,0436
725,0437
726,0437
727,0438
728,0438
729,0439
730,0440
731,0441
732,0442
733,0442
734,0451
735,0451
736,0452
737,0452
738,0453
739,0455
740,0457
741,0457
742,0458
743,0459
744,0459
745,0460
746,0460
747,0461
748,0461
749,0461
750,0462
751,0462
752,0463
753,0464
754,0465
755,0465
756,0465
757,0466
758,0466
759,0467
