1,0001
2,0001
3,0001
4,0002
5,0002
6,0002
7,0003
8,0003
9,0004
10,0004
11,0004
12,0005
13,0005
14,0006
15,0006
16,0006
17,0006
18,0006
19,0006
20,0007
21,0007
22,0007
23,0007
24,0007
25,0008
26,0008
27,0008
28,0009
29,0009
30,0009
31,0009
32,0010
33,0010
34,0010
35,0010
36,0011
37,0011
38,0011
39,0011
40,0012
41,0012
42,0013
43,0013
44,0013
45,0014
46,0014
47,0016
48,0016
49,0016
50,0017
51,0017
52,0018
53,0018
54,0018
55,0019
56,0019
57,0020
58,0020
59,0022
60,0022
61,0022
62,0022
63,0022
64,0022
65,0022
66,0022
67,0023
68,0023
69,0023
70,0023
71,0024
72,0024
73,0024
74,0024
75,0024
76,0024
77,0025
78,0025
79,0025
80,0025
81,0025
82,0025
83,0026
84,0026
85,0026
86,0026
87,0026
88,0027
1,0027
89,0028
90,0028
91,0028
92,0028
93,0028
94,0028
95,0028
96,0029
1,0029
97,0029
2,0029
98,0029
99,0030
100,0030
101,0030
102,0030
103,0030
104,0030
105,0030
106,0031
107,0031
108,0031
109,0031
110,0031
111,0031
112,0031
113,0032
114,0032
115,0032
116,0032
3,0032
117,0033
118,0033
119,0033
120,0033
121,0034
122,0034
123,0034
124,0034
125,0034
126,0034
127,0034
128,0035
129,0036
130,0036
131,0036
132,0037
133,0037
134,0037
135,0037
136,0037
137,0037
138,0037
139,0038
140,0038
141,0038
142,0038
143,0038
144,0038
145,0038
146,0039
147,0040
148,0040
149,0040
150,0040
151,0040
152,0040
153,0041
154,0041
155,0041
156,0041
157,0041
158,0042
159,0042
160,0042
161,0042
162,0042
163,0042
164,0042
165,0044
166,0044
167,0044
168,0044
169,0044
170,0045
171,0045
172,0045
173,0045
174,0045
175,0045
176,0046
177,0046
178,0046
179,0046
180,0046
181,0046
182,0046
183,0048
184,0048
185,0048
186,0048
187,0048
188,0049
189,0049
190,0049
191,0049
192,0049
193,0050
194,0050
195,0050
196,0050
197,0050
198,0051
1,0051
199,0051
200,0052
201,0052
202,0052
203,0052
204,0052
205,0052
206,0053
207,0053
208,0053
209,0053
210,0054
211,0054
212,0054
213,0054
214,0054
215,0055
216,0055
217,0055
218,0055
219,0055
220,0055
221,0056
222,0056
223,0056
224,0056
225,0056
226,0056
227,0057
228,0057
229,0057
230,0057
231,0058
232,0058
233,0058
234,0058
235,0058
236,0058
237,0059
238,0059
239,0059
240,0060
241,0060
242,0060
243,0060
244,0060
245,0062
246,0062
247,0062
248,0063
249,0063
250,0064
251,0064
252,0064
253,0065
254,0065
255,0065
256,0065
257,0066
258,0066
259,0066
260,0066
261,0066
262,0066
263,0067
264,0068
265,0068
266,0068
267,0069
268,0069
269,0069
270,0069
271,0070
272,0070
273,0070
274,0071
275,0071
276,0072
2,0072
277,0072
278,0072
279,0073
280,0073
281,0073
282,0074
283,0074
284,0075
285,0075
286,0076
287,0076
288,0076
289,0077
290,0077
291,0078
292,0078
293,0078
294,0078
295,0078
296,0079
297,0080
298,0081
299,0081
300,0081
301,0081
302,0082
303,0082
304,0082
305,0082
306,0082
307,0083
308,0083
309,0083
310,0083
311,0083
312,0083
313,0084
314,0084
315,0084
316,0084
317,0084
318,0085
319,0085
320,0085
321,0085
322,0085
323,0085
324,0085
325,0086
326,0086
327,0086
328,0086
329,0086
330,0086
331,0087
332,0087
333,0088
334,0088
335,0088
336,0088
337,0088
338,0088
339,0089
340,0089
341,0089
342,0089
343,0089
344,0090
345,0090
346,0090
347,0090
348,0090
349,0090
350,0091
351,0091
352,0091
353,0091
354,0092
2,0092
355,0093
356,0093
357,0094
358,0094
359,0094
360,0094
361,0095
362,0095
363,0095
364,0095
365,0096
366,0096
367,0096
368,0097
369,0097
370,0097
371,0098
372,0098
373,0098
3,0098
374,0099
375,0099
376,0099
377,0099
378,0100
1,0100
379,0100
380,0100
381,0100
382,0101
383,0102
1,0102
384,0102
385,0103
1,0103
386,0103
387,0103
388,0104
389,0104
390,0104
391,0104
392,0104
393,0104
394,0105
395,0105
396,0106
2,0106
397,0107
398,0107
399,0108
400,0108
401,0108
402,0108
403,0109
404,0109
405,0110
406,0110
407,0110
408,0110
409,0112
410,0112
411,0112
412,0113
413,0113
414,0113
415,0113
416,0114
417,0114
418,0114
419,0114
420,0115
421,0115
422,0115
423,0115
424,0116
425,0116
426,0116
427,0116
428,0117
429,0117
2,0117
430,0117
431,0117
432,0118
433,0118
434,0118
435,0120
436,0120
437,0120
438,0120
439,0120
440,0121
441,0121
442,0121
443,0121
444,0121
445,0122
446,0122
447,0122
448,0123
449,0123
450,0123
2,0123
451,0124
452,0124
453,0124
454,0124
455,0125
456,0125
457,0126
458,0126
459,0126
3,0126
460,0126
461,0127
462,0127
463,0129
464,0129
465,0129
466,0129
467,0130
468,0130
469,0130
470,0130
471,0130
472,0130
473,0131
474,0131
475,0131
476,0131
477,0131
478,0131
479,0132
480,0132
481,0132
482,0132
483,0132
484,0132
485,0132
486,0132
487,0133
488,0133
489,0133
490,0133
491,0134
492,0134
493,0134
494,0134
495,0135
496,0135
497,0135
498,0135
499,0135
500,0136
501,0136
1,0137
502,0137
503,0138
504,0138
505,0138
506,0139
507,0139
508,0139
509,0139
510,0140
511,0140
512,0140
513,0140
514,0140
515,0140
516,0141
517,0141
518,0141
519,0141
520,0142
521,0142
522,0143
523,0143
524,0143
525,0143
526,0144
527,0144
528,0144
529,0144
530,0145
531,0145
532,0145
533,0146
534,0146
535,0146
536,0147
537,0147
538,0147
539,0147
540,0148
541,0148
542,0148
543,0149
544,0149
545,0149
546,0149
547,0150
548,0151
549,0151
550,0152
551,0152
552,0153
553,0153
554,0153
555,0153
556,0153
557,0153
558,0153
559,0154
560,0154
561,0154
562,0154
563,0154
564,0154
565,0155
566,0155
567,0155
568,0155
569,0156
2,0156
570,0156
571,0157
572,0158
573,0159
574,0159
575,0159
576,0159
577,0160
578,0160
579,0160
580,0160
581,0160
582,0161
583,0161
584,0161
585,0161
586,0161
587,0162
588,0162
589,0162
590,0162
591,0162
592,0162
593,0162
594,0163
595,0163
596,0163
597,0164
1,0164
598,0164
599,0165
600,0166
601,0166
602,0167
603,0167
604,0167
605,0168
606,0168
607,0168
608,0169
609,0169
610,0169
611,0170
612,0170
613,0171
614,0171
615,0171
616,0171
617,0172
618,0172
619,0172
620,0173
621,0173
622,0174
623,0174
624,0174
625,0174
626,0175
627,0175
628,0175
629,0175
630,0176
631,0176
632,0176
633,0176
634,0176
635,0176
636,0177
637,0177
638,0177
639,0177
640,0177
641,0179
642,0179
643,0180
644,0180
645,0180
646,0181
647,0181
648,0181
649,0181
650,0181
651,0181
652,0181
653,0181
654,0181
655,0181
3,0181
656,0181
657,0182
658,0182
659,0182
660,0182
661,0182
662,0182
663,0182
664,0182
665,0182
666,0182
667,0183
1,0183
668,0183
1,0184
669,0184
670,0184
671,0185
672,0186
673,0186
674,0186
675,0187
676,0187
677,0187
678,0190
679,0190
680,0190
681,0190
682,0191
683,0191
684,0191
685,0192
686,0192
687,0192
688,0192
689,0193
690,0193
691,0194
692,0194
693,0194
694,0195
695,0195
696,0196
697,0196
698,0196
699,0197
700,0198
701,0198
702,0199
703,0199
704,0200
705,0201
706,0201
707,0202
1,0203
708,0203
709,0203
1,0204
2,0204
710,0204
3,0204
711,0205
5,0205
712,0205
713,0205
714,0206
715,0206
716,0207
717,0207
718,0208
719,0209
720,0209
721,0209
722,0209
723,0209
724,0211
725,0211
726,0211
727,0212
728,0212
729,0213
730,0213
731,0213
732,0214
733,0215
1,0215
734,0215
735,0215
736,0216
2,0216
4,0216
737,0216
738,0216
739,0217
740,0217
741,0217
742,0218
743,0218
744,0218
745,0219
746,0219
747,0219
748,0220
749,0220
750,0221
751,0221
752,0221
753,0222
754,0222
755,0223
756,0223
757,0224
758,0224
759,0225
760,0225
761,0225
762,0225
763,0226
764,0226
765,0226
766,0226
767,0228
768,0228
769,0228
770,0229
771,0229
772,0229
773,0230
774,0230
775,0231
776,0231
777,0231
778,0232
779,0232
780,0232
781,0233
782,0233
783,0233
784,0234
785,0234
786,0234
787,0235
788,0235
789,0236
790,0236
791,0236
792,0236
793,0237
794,0237
795,0237
796,0239
797,0239
798,0239
799,0240
800,0240
801,0240
802,0241
803,0241
804,0242
805,0242
806,0242
807,0243
808,0243
809,0243
810,0243
811,0243
812,0244
813,0244
814,0244
815,0244
816,0245
817,0245
818,0246
819,0246
820,0246
821,0247
822,0247
823,0247
824,0248
825,0248
826,0248
827,0249
828,0249
829,0249
830,0250
831,0250
832,0250
833,0251
834,0251
835,0252
836,0252
837,0252
838,0252
839,0254
840,0254
841,0254
842,0254
843,0256
844,0256
845,0256
846,0257
847,0257
848,0257
849,0258
850,0258
851,0259
852,0259
853,0259
854,0259
855,0260
856,0260
857,0260
858,0260
859,0260
860,0260
861,0260
862,0261
863,0261
864,0261
865,0261
866,0261
867,0262
868,0262
869,0263
870,0264
871,0264
872,0264
873,0264
874,0264
875,0264
876,0265
877,0265
878,0265
879,0265
880,0265
881,0265
882,0266
883,0266
884,0266
885,0266
886,0267
887,0267
888,0267
889,0267
890,0268
891,0268
892,0268
893,0268
894,0270
895,0270
896,0270
897,0270
898,0270
899,0271
900,0271
901,0271
902,0271
903,0271
904,0272
905,0272
906,0272
907,0272
908,0272
909,0273
910,0273
911,0273
912,0273
913,0274
914,0275
915,0275
916,0275
917,0275
918,0275
919,0275
920,0276
921,0276
922,0276
923,0276
924,0277
925,0277
926,0277
927,0278
928,0278
929,0278
930,0278
931,0278
932,0278
933,0278
934,0279
935,0279
936,0279
937,0279
938,0279
939,0279
940,0279
941,0279
942,0280
943,0280
944,0280
945,0280
946,0280
947,0280
948,0280
949,0281
950,0281
951,0281
2,0281
952,0281
953,0281
954,0282
955,0282
956,0282
957,0283
958,0283
959,0284
960,0285
961,0285
962,0287
963,0287
964,0287
3,0287
965,0288
966,0288
967,0288
968,0288
969,0289
970,0289
971,0289
972,0289
973,0289
974,0289
975,0290
976,0290
977,0290
978,0291
979,0291
980,0291
981,0291
982,0292
983,0292
984,0292
985,0292
2,0292
986,0293
987,0293
988,0293
989,0294
990,0294
991,0294
992,0294
993,0294
994,0294
995,0294
996,0295
997,0295
998,0295
999,0295
1000,0295
1001,0295
1002,0296
1003,0296
1004,0296
1005,0296
1006,0296
1007,0296
1008,0297
1009,0297
1010,0297
1011,0297
1012,0297
1013,0298
1014,0298
1015,0298
1016,0299
1017,0299
1018,0299
1019,0299
1020,0299
1021,0300
1022,0300
1023,0301
1024,0301
1025,0301
1026,0301
1027,0301
1028,0302
1029,0302
1030,0302
1031,0303
1032,0303
1033,0303
1034,0303
1035,0304
1036,0304
1037,0304
1038,0305
1039,0305
1040,0305
1041,0305
1042,0306
1043,0306
1044,0306
1045,0306
1046,0306
1047,0306
1048,0307
1049,0307
1050,0308
1051,0308
1052,0308
1053,0308
1054,0308
1055,0308
1056,0309
1057,0309
1058,0309
1059,0309
1060,0310
1061,0310
1062,0310
1063,0311
1064,0311
1065,0311
1066,0311
1067,0311
1068,0312
1069,0312
1070,0313
1071,0313
1072,0313
1073,0313
1074,0313
1075,0314
1076,0314
1077,0314
1078,0314
1079,0314
1080,0314
1081,0315
1082,0316
1083,0316
1084,0316
1085,0316
1086,0317
1087,0317
1088,0317
1089,0318
1090,0319
1091,0319
1092,0319
1093,0320
1094,0321
1095,0321
1096,0321
1097,0322
1098,0322
1099,0323
1100,0323
1101,0323
1102,0323
1103,0324
1104,0324
1105,0324
1106,0325
1107,0325
1108,0326
1109,0326
1110,0327
1111,0327
1112,0327
1113,0328
1114,0328
1115,0329
1116,0329
1117,0330
1118,0330
1119,0331
1120,0331
1121,0331
1122,0332
1123,0332
1124,0332
1125,0333
1126,0333
1127,0334
1128,0334
1129,0334
1,0335
2,0335
1130,0335
1131,0336
1132,0337
1133,0337
1134,0337
1135,0337
1136,0339
1137,0339
4,0339
1138,0339
1139,0340
1140,0340
1141,0340
1142,0341
1143,0341
1144,0342
1145,0342
1146,0343
1147,0343
1,0343
2,0343
1148,0344
1149,0344
1150,0344
1151,0345
1152,0345
1153,0346
1154,0346
1155,0346
1156,0347
1157,0347
3,0347
1158,0347
1159,0347
1160,0348
1161,0348
1162,0349
1163,0349
1164,0349
1165,0349
1166,0349
1167,0350
1168,0350
1169,0350
1170,0351
1171,0351
1172,0352
1173,0353
1174,0354
1175,0354
1176,0355
1177,0355
1178,0355
1179,0355
1180,0356
1181,0356
1182,0357
1183,0357
1184,0357
1185,0357
1186,0358
1187,0358
1188,0358
1189,0358
1190,0358
1191,0359
1192,0359
1193,0359
1194,0359
1195,0359
1196,0359
1197,0360
1198,0360
1199,0360
1200,0360
1201,0360
1202,0360
1203,0360
1204,0361
1205,0362
1206,0362
1207,0363
1208,0363
1,0363
1209,0363
1210,0364
1211,0364
1212,0364
1213,0365
1214,0365
1215,0365
1216,0365
1217,0365
1218,0366
1219,0366
1220,0366
1221,0366
1222,0367
1223,0367
1224,0367
1225,0367
1226,0367
1227,0368
1228,0368
1229,0368
1230,0368
1231,0368
1232,0369
1233,0369
1234,0369
1235,0369
1236,0369
1237,0370
1238,0370
1239,0370
1240,0370
1241,0370
1242,0370
1243,0371
1244,0371
1245,0372
1246,0372
1247,0373
1248,0373
1249,0374
1250,0374
1251,0374
1252,0374
1253,0376
1254,0376
1255,0376
1256,0377
1257,0377
1258,0378
1259,0378
1260,0379
1261,0379
1262,0379
1263,0379
1264,0379
1265,0380
1266,0380
1267,0380
1268,0380
1269,0380
1270,0381
1271,0381
1272,0381
1273,0382
1274,0382
1275,0382
1276,0383
1277,0383
1278,0383
1279,0384
1,0385
1280,0385
3,0385
1281,0385
1282,0385
1,0386
1283,0386
1284,0386
1285,0388
1286,0388
1287,0388
1288,0389
1289,0389
1290,0389
1291,0389
1292,0389
1293,0389
1294,0389
1295,0390
1296,0390
1297,0390
1298,0390
1299,0390
1300,0392
1301,0392
1302,0392
1303,0393
1304,0393
1305,0394
1306,0394
1307,0395
1308,0395
1309,0396
1310,0396
1311,0396
1312,0396
1313,0397
1314,0397
1315,0397
1316,0397
1317,0398
1318,0398
1319,0398
1320,0398
1321,0399
1322,0399
1323,0399
1324,0399
1325,0400
1326,0400
1327,0400
1328,0400
1329,0401
1330,0401
1331,0401
1332,0401
1333,0401
1334,0402
1335,0402
1336,0402
1337,0402
1338,0402
1339,0402
1340,0403
1341,0403
1342,0403
1343,0403
1344,0404
1345,0404
1346,0404
1347,0404
1348,0405
1349,0405
1350,0406
1,0406
1351,0406
1352,0406
1353,0407
1354,0407
1355,0408
1356,0408
1357,0408
1358,0409
1359,0409
1360,0410
1361,0410
1362,0411
1363,0412
1364,0412
1365,0412
1366,0413
1367,0413
1368,0413
1369,0413
1370,0414
1371,0414
1372,0415
1373,0415
2,0415
3,0415
1374,0415
1375,0415
1376,0416
1377,0416
1378,0416
1379,0416
1380,0416
1381,0417
1382,0417
1383,0418
1384,0419
1385,0419
1,0419
1386,0419
1387,0420
2,0420
4,0420
1388,0420
1389,0420
1390,0421
1391,0421
1392,0421
1393,0421
1394,0422
1395,0422
1396,0422
1397,0422
1398,0422
1399,0423
1400,0423
1401,0424
1402,0424
1403,0424
1404,0425
1405,0425
1,0425
1406,0425
1407,0426
1408,0426
1409,0426
1410,0426
1411,0428
1,0428
1412,0428
1413,0429
1414,0429
1415,0430
1416,0430
1417,0430
2,0430
1418,0431
1419,0431
1420,0431
1421,0432
1422,0432
1423,0432
1424,0432
3,0433
5,0433
1425,0433
1426,0433
1427,0434
1428,0434
1429,0434
1430,0434
1431,0435
1432,0435
1433,0435
1434,0435
1435,0435
1436,0436
1437,0436
1438,0436
1439,0437
1440,0437
1441,0437
1442,0438
1443,0438
1444,0438
1445,0438
1446,0439
1447,0439
1448,0439
1449,0439
1450,0440
1451,0440
1452,0440
1453,0441
1454,0441
1455,0441
1456,0442
1457,0442
1458,0442
1459,0443
1460,0443
1461,0444
1462,0444
1463,0445
1464,0445
1465,0445
1466,0446
1467,0446
1468,0446
1469,0446
1470,0447
1471,0447
1472,0448
1473,0448
1474,0449
1475,0449
1476,0449
1477,0450
1478,0450
1479,0450
1480,0451
1481,0452
1482,0452
1483,0453
1484,0453
1485,0453
1486,0454
1487,0454
1488,0455
1489,0455
2,0455
1490,0455
1491,0455
1492,0456
1493,0456
1494,0457
1495,0457
1496,0457
1497,0458
1498,0458
1499,0458
1500,0459
1501,0459
1502,0460
1503,0460
1504,0460
1505,0461
1506,0461
1507,0463
1508,0463
1509,0464
1510,0465
1511,0465
1512,0466
1513,0466
1514,0466
1515,0466
1,0467
1516,0467
1517,0467
1518,0468
1519,0468
1520,0469
1521,0469
1522,0469
1523,0469
3,0469
1524,0469
1525,0469
1526,0470
1527,0470
1528,0470
1529,0471
1530,0471
1531,0471
1532,0472
1533,0472
1534,0473
1535,0473
1536,0473
1537,0474
1538,0474
1539,0475
1540,0475
1541,0475
1542,0476
1543,0476
1544,0476
1545,0477
1546,0477
1547,0478
1548,0478
1549,0479
1550,0479
1551,0480
1552,0480
1553,0480
1554,0481
1555,0481
1556,0481
1557,0482
1558,0482
1559,0482
1560,0482
1561,0483
1562,0483
1563,0483
1564,0483
1565,0484
1566,0484
1567,0484
1568,0484
1569,0485
1570,0485
1571,0486
1572,0487
1573,0488
2,0488
1574,0488
1575,0489
1576,0489
1577,0489
1578,0490
1579,0490
1580,0491
1581,0491
1582,0491
1583,0492
1584,0493
1585,0493
1586,0494
2,0494
1587,0494
1588,0495
1589,0496
1590,0497
1591,0497
1592,0497
1593,0497
1594,0498
1595,0498
1596,0498
1597,0499
1598,0499
1599,0499
1600,0500
1601,0500
1602,0501
1603,0503
1604,0503
1605,0503
1,0504
1606,0504
1607,0504
1608,0505
1609,0505
1610,0505
1611,0506
1612,0506
1613,0506
1614,0506
1615,0507
1616,0507
1617,0508
1618,0508
1619,0509
1620,0509
1621,0510
1622,0510
1623,0510
1624,0511
1625,0512
1626,0512
1627,0513
1628,0514
1629,0514
1630,0515
1631,0515
1632,0515
1633,0516
1634,0516
1635,0517
1636,0517
1637,0517
1638,0517
1639,0517
1640,0517
1,0518
1641,0518
1642,0518
1643,0518
1644,0518
1645,0518
1646,0518
1647,0518
1648,0518
1649,0518
1650,0518
1651,0518
1652,0518
1653,0518
1654,0520
1655,0520
1656,0521
1657,0521
1658,0522
1659,0523
1660,0523
2,0524
1661,0524
1662,0525
1663,0526
1664,0528
1665,0528
1666,0529
1667,0529
1668,0530
1669,0530
1670,0530
1671,0531
1672,0532
1673,0532
1674,0532
1675,0533
1676,0533
1677,0533
1678,0534
1679,0534
1680,0534
1681,0534
1682,0534
1683,0535
1684,0535
1685,0535
1686,0535
1687,0535
1688,0535
1689,0536
1690,0536
1691,0536
1692,0537
1693,0537
1694,0538
1695,0539
1696,0539
1697,0539
1698,0541
1699,0541
1700,0542
1701,0542
1702,0542
1703,0543
1704,0543
1705,0544
1706,0544
1707,0545
1708,0545
1709,0546
1710,0546
1711,0546
1712,0548
1,0548
1713,0548
2,0548
1714,0549
1715,0549
1716,0550
1717,0550
1718,0551
1719,0551
1720,0552
1721,0553
1722,0554
1723,0554
1,0555
1724,0555
1725,0558
1726,0559
1,0559
1727,0559
1728,0560
1729,0560
1730,0561
1731,0562
1732,0563
1733,0563
1734,0563
1735,0564
1736,0564
1737,0565
1738,0565
1739,0566
1740,0566
1741,0567
1742,0567
1743,0568
1744,0568
1745,0569
1746,0570
1747,0572
1748,0572
1749,0573
1750,0573
1751,0574
1752,0574
1753,0575
1754,0575
1,0576
2,0576
1755,0576
1756,0576
1757,0578
1758,0578
1759,0579
1760,0579
1761,0579
1762,0579
1763,0579
1764,0580
1765,0580
1766,0581
1767,0581
1768,0581
1769,0581
1770,0581
1771,0581
1772,0582
1773,0582
1774,0582
1775,0582
1776,0583
1777,0583
1778,0583
1779,0583
1780,0583
1781,0583
1782,0584
1783,0584
1784,0584
1785,0584
1786,0585
1787,0585
1788,0585
1789,0585
1790,0585
1791,0585
1792,0586
1793,0586
1794,0587
1795,0587
1796,0587
1797,0587
1798,0587
1799,0588
1800,0588
1801,0588
1802,0588
1803,0588
1,0589
