1,0005
2,0006
3,0006
4,0007
5,0008
6,0009
7,0009
8,0010
9,0011
10,0011
11,0011
12,0012
13,0013
14,0013
15,0014
16,0015
17,0015
18,0016
19,0016
20,0017
21,0017
22,0018
23,0018
24,0018
25,0019
26,0019
27,0020
28,0020
29,0021
30,0021
31,0022
32,0023
33,0023
34,0023
35,0023
36,0024
37,0024
38,0025
39,0025
40,0026
41,0027
42,0027
43,0027
44,0028
45,0028
46,0029
47,0029
48,0029
49,0030
50,0030
51,0030
52,0031
53,0031
54,0031
55,0032
56,0032
57,0033
58,0033
59,0033
60,0034
61,0035
62,0036
63,0037
64,0038
65,0038
66,0039
67,0040
68,0040
1,0041
69,0041
70,0041
71,0044
72,0044
73,0044
74,0048
75,0049
76,0049
77,0050
78,0050
79,0053
80,0054
81,0054
82,0056
2,0056
83,0057
84,0058
85,0058
86,0061
87,0062
88,0063
89,0064
90,0066
91,0067
92,0069
93,0071
94,0072
95,0073
96,0074
97,0074
98,0075
99,0076
100,0077
101,0077
102,0077
103,0078
104,0079
105,0079
106,0079
107,0080
108,0080
109,0081
110,0081
111,0082
112,0083
113,0083
114,0084
115,0084
116,0085
117,0085
118,0086
119,0086
120,0087
121,0087
122,0088
123,0088
124,0088
125,0089
126,0090
127,0090
128,0090
129,0091
1,0091
130,0091
131,0091
132,0092
133,0092
134,0093
135,0094
136,0095
137,0095
138,0097
139,0097
140,0098
1,0098
141,0098
142,0099
143,0099
144,0100
145,0101
146,0101
147,0101
148,0102
149,0103
150,0103
151,0104
152,0104
153,0104
154,0105
155,0105
156,0105
157,0108
158,0108
159,0108
160,0109
161,0109
162,0110
163,0112
164,0113
165,0115
1,0116
2,0116
166,0117
167,0118
168,0119
169,0120
170,0121
171,0122
172,0122
173,0122
174,0123
175,0123
176,0123
177,0123
178,0124
179,0124
180,0124
181,0125
1,0125
182,0125
183,0126
184,0127
185,0127
186,0128
187,0129
188,0129
189,0129
190,0130
191,0130
192,0130
193,0131
194,0131
195,0131
196,0132
197,0132
198,0132
199,0133
200,0133
201,0134
202,0134
203,0135
204,0135
205,0135
206,0136
207,0136
208,0137
209,0137
210,0137
211,0138
212,0139
213,0139
214,0141
215,0142
216,0142
217,0143
218,0143
219,0144
220,0144
221,0145
222,0145
223,0146
224,0146
225,0147
226,0148
227,0148
228,0149
229,0149
230,0149
231,0150
232,0150
233,0151
234,0151
235,0151
236,0151
237,0152
238,0153
239,0153
240,0154
241,0154
242,0154
243,0155
244,0156
245,0156
246,0158
247,0159
248,0159
249,0160
250,0160
251,0161
252,0162
253,0163
254,0164
1,0165
255,0165
256,0166
257,0168
258,0169
259,0170
260,0170
261,0171
262,0172
263,0172
1,0173
264,0173
265,0174
266,0174
267,0174
268,0175
269,0177
270,0177
271,0177
272,0177
273,0178
274,0178
275,0178
276,0179
277,0179
278,0179
1,0180
279,0180
280,0181
281,0181
282,0181
283,0182
284,0182
285,0184
3,0185
5,0187
3,0188
2,0190
286,0190
287,0191
288,0191
289,0192
290,0192
291,0193
292,0193
293,0194
1,0194
294,0195
295,0196
296,0196
297,0197
298,0197
299,0198
300,0198
301,0199
302,0199
303,0199
304,0200
305,0201
306,0201
3,0201
307,0201
308,0202
309,0203
310,0204
311,0207
312,0207
313,0207
314,0209
315,0209
316,0210
317,0211
318,0211
319,0212
320,0213
321,0213
322,0214
323,0215
324,0215
325,0216
326,0217
327,0218
328,0218
329,0219
330,0220
331,0221
332,0221
333,0222
334,0223
335,0224
336,0225
337,0226
338,0226
339,0227
340,0228
341,0228
342,0229
343,0230
344,0231
345,0231
346,0232
347,0233
1,0233
2,0233
348,0234
349,0234
350,0234
351,0234
352,0235
353,0236
354,0237
355,0238
1,0239
2,0239
356,0240
357,0241
358,0241
359,0242
360,0242
1,0242
361,0243
362,0244
363,0244
364,0245
365,0245
1,0246
366,0247
4,0247
367,0247
368,0248
369,0249
370,0251
371,0251
372,0252
373,0252
374,0252
375,0253
376,0253
377,0254
378,0254
379,0254
380,0254
381,0255
382,0256
383,0256
383,0257
384,0257
1,0258
385,0258
386,0258
1,0259
1,0262
1,0262
387,0263
388,0263
389,0264
390,0265
391,0266
392,0266
393,0267
394,0268
395,0269
396,0270
397,0271
398,0271
399,0272
400,0272
401,0274
402,0275
403,0275
404,0275
405,0277
406,0278
407,0280
408,0281
1,0281
1,0282
409,0282
2,0283
410,0284
411,0285
412,0286
1,0286
413,0288
414,0289
2,0289
2,0289
6,0289
415,0290
416,0291
417,0292
418,0293
419,0293
420,0294
421,0296
1,0297
422,0298
423,0300
424,0301
425,0302
426,0302
427,0303
428,0304
429,0305
430,0305
431,0306
432,0309
433,0311
434,0313
435,0314
436,0320
437,0321
438,0321
439,0322
440,0323
441,0323
442,0324
443,0325
444,0325
445,0326
446,0326
447,0327
448,0328
449,0328
450,0330
1,0332
451,0332
452,0332
1,0333
453,0334
454,0335
455,0337
456,0339
457,0339
458,0340
459,0341
460,0341
461,0342
462,0342
463,0344
1,0344
1,0345
464,0345
465,0346
466,0347
467,0348
468,0351
469,0353
470,0354
471,0355
472,0356
473,0357
474,0358
475,0359
476,0359
477,0360
478,0361
479,0362
480,0363
1,0363
481,0364
482,0366
483,0367
484,0368
485,0370
486,0371
487,0373
488,0373
489,0374
490,0375
491,0378
492,0378
493,0380
494,0381
495,0382
496,0383
497,0384
498,0385
499,0386
500,0387
501,0388
502,0390
503,0392
504,0393
505,0394
506,0394
507,0396
508,0396
509,0398
510,0399
511,0401
512,0402
513,0403
514,0404
515,0405
516,0406
517,0407
518,0407
519,0409
520,0411
521,0412
522,0412
523,0414
524,0416
1,0416
525,0417
526,0417
2,0419
527,0419
528,0421
529,0422
2,0424
530,0424
531,0425
532,0428
533,0429
1,0431
2,0431
534,0432
535,0433
536,0436
537,0438
538,0440
539,0441
540,0442
541,0443
542,0445
543,0447
7,0448
544,0448
545,0449
546,0450
547,0451
2,0451
548,0452
549,0453
550,0454
551,0455
1,0455
552,0456
1,0456
1,0456
553,0457
554,0457
555,0458
556,0461
1,0462
4,0462
5,0462
557,0462
558,0463
559,0466
560,0467
561,0468
562,0469
563,0470
564,0470
4,0471
565,0471
6,0471
566,0473
1,0474
567,0474
3,0474
4,0474
6,0474
1,0475
568,0475
569,0476
570,0478
5,0478
6,0478
571,0479
572,0480
573,0481
574,0482
575,0483
576,0484
577,0485
578,0487
579,0488
580,0490
581,0492
582,0493
583,0493
584,0494
585,0495
586,0495
587,0496
588,0498
589,0499
590,0500
591,0500
592,0501
1,0502
593,0502
594,0503
595,0504
596,0504
597,0505
598,0506
599,0507
600,0507
601,0508
3,0510
602,0510
603,0512
604,0513
1,0514
605,0514
606,0517
607,0517
608,0519
1,0520
609,0520
610,0521
611,0522
612,0522
613,0523
2,0523
614,0524
615,0525
616,0528
617,0529
618,0530
619,0531
1,0535
620,0535
5,0535
6,0536
621,0537
622,0538
623,0539
624,0540
625,0541
626,0543
627,0544
628,0545
629,0545
630,0547
631,0547
632,0549
633,0550
634,0551
635,0552
636,0552
637,0553
638,0553
639,0553
640,0554
641,0555
642,0555
643,0555
644,0556
645,0556
646,0557
647,0557
648,0557
649,0558
650,0558
651,0558
652,0559
653,0559
654,0559
1,0560
655,0560
656,0560
657,0561
658,0561
659,0562
660,0564
661,0565
662,0568
663,0568
664,0569
665,0570
666,0571
667,0572
668,0573
669,0574
3,0577
670,0579
671,0579
672,0580
673,0581
674,0582
675,0583
676,0584
677,0585
678,0586
679,0589
680,0589
681,0589
682,0589
683,0590
684,0590
685,0591
2,0592
2,0596
686,0596
687,0597
688,0597
689,0598
690,0599
1,0600
691,0600
692,0600
693,0601
694,0601
695,0601
1,0602
696,0602
697,0603
698,0604
1,0605
699,0605
700,0606
701,0607
702,0607
703,0608
2,0608
704,0609
705,0609
706,0610
707,0610
708,0611
709,0611
710,0611
711,0612
712,0612
713,0613
1,0614
714,0614
715,0615
716,0616
717,0616
718,0616
719,0616
720,0617
721,0618
722,0618
723,0620
724,0620
725,0621
726,0622
727,0622
2,0623
728,0624
729,0625
730,0626
731,0627
732,0627
733,0628
734,0628
735,0629
736,0634
737,0637
738,0638
739,0638
740,0639
741,0640
7,0642
