379,0001
380,0002
381,0005
382,0008
383,0021
384,0035
385,0038
386,0041
387,0054
388,0067
389,0068
390,0069
391,0070
392,0071
393,0073
394,0074
395,0075
396,0077
397,0078
398,0079
399,0082
400,0083
401,0086
402,0088
403,0090
404,0091
405,0092
406,0093
407,0094
408,0095
409,0096
410,0097
411,0098
412,0100
413,0101
414,0103
415,0105
416,0106
417,0108
418,0110
419,0112
420,0113
421,0114
422,0115
423,0116
424,0117
425,0118
426,0119
427,0120
428,0121
429,0122
430,0123
431,0124
432,0125
433,0126
434,0127
435,0128
436,0129
437,0130
438,0131
439,0132
440,0133
441,0135
442,0136
443,0137
444,0139
445,0140
446,0142
447,0143
448,0144
449,0146
450,0148
451,0150
452,0152
453,0154
454,0157
455,0159
456,0160
457,0161
458,0162
459,0163
460,0164
461,0165
462,0166
463,0167
464,0170
465,0171
466,0173
467,0175
468,0176
469,0177
470,0178
471,0179
472,0180
473,0181
474,0182
475,0183
476,0184
477,0185
478,0186
479,0187
480,0188
481,0189
482,0190
483,0191
484,0192
485,0193
486,0194
487,0195
488,0196
489,0197
490,0198
491,0199
492,0200
493,0201
494,0201
495,0202
496,0203
497,0204
498,0206
499,0207
500,0208
501,0208
502,0209
503,0210
504,0211
505,0212
506,0214
507,0214
508,0215
509,0216
510,0217
511,0218
512,0219
513,0220
514,0221
515,0222
516,0223
517,0224
518,0225
519,0226
520,0227
521,0228
522,0229
523,0230
524,0231
525,0231
526,0233
527,0234
528,0236
529,0237
530,0238
531,0240
532,0241
533,0242
534,0243
535,0243
536,0244
437,0244
538,0245
539,0246
540,0246
541,0248
542,0248
543,0249
544,0249
545,0250
546,0251
547,0252
548,0252
549,0253
550,0254
551,0255
552,0255
553,0257
554,0258
555,0259
556,0259
557,0261
558,0262
559,0263
560,0264
561,0265
562,0266
563,0267
564,0267
565,0268
566,0269
567,0270
568,0272
569,0273
570,0274
571,0274
572,0275
573,0276
574,0277
575,0278
576,0280
577,0280
578,0281
579,0282
580,0283
581,0284
582,0285
583,0287
584,0287
585,0288
586,0289
587,0290
588,0291
589,0293
590,0294
591,0294
592,0295
593,0296
594,0298
595,0298
596,0299
597,0301
598,0302
599,0303
600,0304
601,0306
602,0307
603,0308
604,0309
605,0310
606,0311
607,0312
608,0313
609,0314
610,0315
611,0316
612,0317
613,0318
614,0319
615,0320
616,0321
617,0321
618,0322
619,0324
620,0325
621,0326
622,0327
623,0328
624,0328
625,0329
626,0330
627,0331
628,0332
629,0334
630,0335
631,0336
632,0337
633,0338
634,0339
635,0340
636,0341
637,0341
638,0342
639,0343
640,0345
641,0346
642,0347
643,0348
644,0350
645,0351
646,0352
647,0354
648,0355
649,0356
650,0357
651,0357
652,0358
653,0359
654,0360
655,0360
656,0361
657,0362
658,0362
659,0363
660,0364
661,0364
662,0366
663,0367
664,0367
665,0368
666,0369
667,0370
668,0370
669,0372
670,0372
671,0374
672,0375
673,0376
674,0377
675,0378
676,0379
677,0380
678,0381
679,0382
680,0383
681,0384
682,0385
683,0386
684,0387
685,0388
686,0389
687,0389
688,0390
689,0391
690,0392
691,0394
692,0395
693,0396
694,0396
695,0398
696,0399
697,0400
698,0401
699,0402
700,0402
701,0404
702,0405
703,0406
704,0407
705,0408
706,0409
707,0409
708,0410
709,0411
710,0413
711,0414
712,0415
713,0417
714,0418
715,0419
716,0420
717,0422
718,0423
719,0424
720,0425
721,0426
722,0426
723,0427
724,0427
725,0428
726,0428
727,0429
728,0430
729,0431
730,0431
731,0432
732,0433
733,0433
734,0434
735,0434
736,0436
737,0436
738,0437
739,0438
740,0438
741,0439
742,0440
743,0441
744,0441
745,0442
746,0443
747,0443
748,0445
749,0445
750,0446
751,0447
752,0448
753,0449
754,0449
755,0450
756,0451
757,0451
758,0452
759,0453
760,0454
761,0454
762,0455
763,0455
764,0456
765,0457
766,0457
767,0459
768,0460
769,0460
770,0461
771,0463
772,0464
773,0464
774,0465
775,0467
776,0468
777,0469
778,0470
779,0471
780,0472
781,0472
782,0473
783,0473
784,0474
785,0474
786,0475
787,0476
788,0477
789,0478
790,0478
791,0479
792,0479
793,0480
794,0480
795,0481
796,0482
797,0482
798,0483
799,0484
800,0484
801,0486
802,0487
803,0487
804,0488
805,0489
806,0490
807,0490
808,0492
809,0492
810,0494
811,0495
812,0496
813,0497
814,0497
815,0498
816,0499
817,0500
818,0500
819,0501
820,0502
821,0502
822,0503
823,0504
824,0504
825,0505
826,0507
827,0508
828,0508
829,0509
830,0510
831,0511
832,0512
833,0513
834,0514
835,0515
836,0516
837,0517
838,0517
839,0518
840,0519
841,0520
842,0520
843,0521
844,0522
845,0523
846,0523
847,0524
848,0525
849,0526
850,0526
851,0528
852,0528
853,0529
854,0530
855,0531
856,0532
857,0533
858,0534
859,0535
860,0536
861,0536
862,0537
863,0538
864,0539
865,0540
866,0541
867,0542
868,0543
869,0543
870,0544
871,0545
872,0545
873,0546
874,0546
875,0548
876,0548
877,0549
878,0550
879,0550
880,0552
881,0552
882,0553
883,0554
884,0554
885,0556
886,0556
887,0557
888,0558
889,0559
890,0559
891,0561
892,0562
893,0563
894,0564
895,0565
896,0565
897,0566
898,0567
899,0568
900,0568
901,0569
902,0570
903,0571
904,0571
905,0572
906,0573
907,0574
908,0575
909,0576
910,0577
911,0577
912,0578
913,0579
914,0581
915,0582
916,0583
917,0584
918,0585
919,0586
920,0586
921,0588
922,0589
923,0590
924,0591
925,0592
926,0593
927,0593
928,0594
929,0595
930,0596
931,0596
932,0597
933,0598
934,0599
935,0600
936,0600
937,0601
938,0602
939,0603
940,0605
941,0606
942,0607
943,0608
944,0609
945,0611
946,0612
947,0613
948,0614
949,0616
950,0616
951,0617
952,0618
953,0619
954,0620
955,0621
956,0622
957,0623
958,0623
959,0624
960,0625
961,0625
962,0626
963,0626
964,0628
965,0628
966,0629
967,0629
968,0630
969,0631
970,0632
971,0632
972,0633
973,0634
974,0635
975,0635
976,0637
977,0638
978,0639
979,0640
980,0641
981,0641
982,0642
983,0643
984,0644
985,0644
986,0645
987,0646
988,0648
989,0649
990,0649
991,0650
992,0651
993,0652
994,0654
995,0655
996,0656
997,0657
998,0658
999,0660
1000,0661
1001,0662
1002,0663
1003,0665
1004,0665
1005,0666
1006,0668
1007,0669
1008,0670
1009,0670
1010,0672
1011,0673
1012,0674
1013,0675
1014,0675
1015,0676
1016,0677
1017,0677
1018,0679
1019,0679
1020,0680
1021,0681
1022,0682
1023,0682
1024,0683
1025,0685
1026,0685
1027,0687
1028,0687
1029,0689
1030,0690
1031,0691
1032,0691
1033,0693
1034,0693
1035,0695
1036,0696
1037,0697
1038,0698
1039,0698
1040,0699
1041,0700
1042,0701
1043,0702
1044,0703
1045,0705
1046,0705
1047,0706
1048,0707
1049,0708
1050,0708
1051,0710
1052,0710
1053,0711
1054,0712
1055,0713
1056,0714
1057,0714
1058,0715
1059,0716
1060,0718
1061,0719
1062,0720
1063,0721
1064,0722
1065,0723
1066,0724
1067,0725
1068,0726
1069,0727
1070,0728
1071,0730
1072,0730
1073,0731
1074,0731
1075,0732
1076,0732
1076,0734
1077,0766
1078,0767
1079,0768
1080,0769
1081,0770
1082,0770
1083,0771
1084,0772
1085,0774
1086,0775
1087,0776
1088,0777
1089,0778
1090,0779
1091,0780
1092,0781
1093,0782
1094,0782
1095,0783
1096,0784
1097,0785
1098,0787
1099,0788
1100,0789
1101,0790
1102,0791
1103,0792
1104,0793
1105,0794
1106,0795
1107,0796
1108,0798
1109,0799
1110,0801
1111,0802
1112,0804
1113,0805
1114,0806
1115,0807
1116,0808
1117,0809
1118,0810
1119,0811
1120,0812
1121,0813
1122,0814
1123,0815
1124,0816
1125,0817
1126,0818
1127,0819
1128,0820
1129,0821
1130,0822
1131,0823
1132,0824
1133,0825
1134,0826
1135,0827
1136,0828
1137,0829
1138,0830
1139,0831
1140,0832
1141,0833
1142,0834
1143,0835
1144,0837
1145,0838
1146,0839
1147,0840
1148,0841
1149,0842
1150,0843
1151,0844
1152,0845
1153,0847
1154,0848
1155,0849
1156,0850
1157,0851
1158,0853
1159,0854
1160,0856
1161,0857
1162,0858
1163,0859
1164,0861
1165,0862
1166,0863
1167,0864
1168,0866
1169,0867
1171,0868
1171,0869
1172,0870
1173,0872
1174,0873
1174,0874
1175,0875
1177,0876
1178,0877
1179,0879
1180,0880
1181,0881
1182,0882
1183,0883
1184,0884
1185,0885
1186,0886
1187,0887
1188,0889
1189,0890
1190,0891
1191,0892
1092,0894
1193,0895
1194,0896
1195,0897
1196,0898
1197,0899
1198,0901
1199,0902
1200,0903
1201,0905
1202,0906
1203,0907
1204,0908
1205,0910
1206,0911
1207,0912
1208,0913
1209,0914
1210,0915
1211,0916
1212,0918
1213,0919
1214,0920
1215,0921
1216,0923
1217,0924
1218,0926
1219,0927
1220,0928
1221,0929
1222,0930
1223,0931
1224,0931
1225,0932
1226,0933
1227,0934
1228,0934
1229,0935
1230,0936
1231,0937
1232,0937
1233,0938
1234,0939
1235,0939
1236,0940
1237,0942
1238,0942
1239,0943
1240,0944
1241,0944
1242,0946
1243,0946
1244,0947
1245,0948
1246,0948
1247,0950
1248,0950
1249,0951
1250,0952
1251,0953
1252,0953
1253,0955
1254,0956
1255,0957
1256,0958
1257,0959
1258,0959
1259,0960
1260,0961
1261,0962
1262,0963
1263,0963
1264,0964
1265,0965
1266,0967
1267,0967
1268,0968
1269,0969
1270,0970
1271,0971
1272,0972
1273,0974
1274,0974
1275,0975
1276,0976
1277,0977
1278,0978
1279,0979
1280,0980
1281,0981
1282,0981
1283,0982
1284,0984
1285,0985
1286,0986
1287,0986
1288,0988
1289,0989
1290,0990
1291,0991
1292,0992
1293,0993
1294,0994
1295,0994
1296,0995
1297,0995
1298,0996
1299,0997
1300,0998
1301,0999
1302,1000
1303,1000
1304,1001
1305,1002
1306,1003
1307,1004
1308,1005
1309,1006
1310,1008
1311,1008
1312,1009
1313,1010
1314,1011
1315,1012
1316,1013
1317,1015
1318,1015
1319,1016
1320,1017
1321,1018
1322,1020
1323,1021
1324,1022
1325,1023
1326,1024
1327,1024
1328,1026
1329,1027
1330,1028
1331,1028
1332,1030
1333,1031
1334,1032
1335,1032
1336,1033
1337,1033
1338,1034
1139,1035
1340,1035
1341,1036
1342,1037
1343,1037
1344,1038
1345,1039
1346,1040
1347,1040
1348,1041
1349,1043
1350,1043
1351,1044
1352,1046
1353,1047
1354,1048
1355,1049
1356,1049
1357,1050
1358,1050
1359,1052
1360,1052
1361,1053
1362,1055
1363,1055
1364,1057
1365,1058
1366,1058
1367,1059
1368,1060
1369,1061
1370,1061
1371,1062
1372,1063
1373,1063
1374,1065
1375,1066
1376,1066
1377,1067
1378,1067
1379,1069
1380,1069
1381,1070
1382,1071
1383,1071
1384,1073
1385,1074
1386,1074
1387,1075
1388,1076
1389,1077
1390,1077
1391,1078
1392,1079
1393,1079
1394,1081
1395,1082
1396,1082
1397,1083
1398,1083
1399,1085
1400,1085
1401,1086
1402,1087
1403,1087
1404,1088
1405,1089
1406,1089
1407,1090
1408,1091
1409,1092
1410,1092
1411,1093
1412,1094
1413,1094
1414,1096
1415,1097
1416,1097
1417,1098
1418,1098
1419,1099
1420,1099
1421,1100
1422,1101
1423,1101
1424,1103
1425,1104
1426,1104
1427,1105
1428,1106
1429,1107
1430,1107
1431,1108
1432,1109
1433,1109
1434,1111
1435,1112
1436,1112
1437,1113
1438,1113
1439,1114
1440,1114
1441,1115
1442,1116
1223,1116
1444,1118
1445,1119
1446,1119
1447,1120
1448,1121
1449,1122
1450,1122
1451,1123
1452,1125
1453,1125
1454,1127
