1,0001
2,0001
3,0002
4,0040
5,0040
6,0040
7,0044
8,0044
9,0049
10,0049
11,0052
12,0052
13,0055
14,0055
15,0057
16,0057
17,0060
18,0060
19,0062
20,0062
21,0066
22,0066
23,0070
24,0070
25,0070
26,0075
27,0075
28,0080
29,0080
30,0083
31,0083
32,0086
33,0086
34,0089
35,0089
36,0092
37,0092
38,0095
39,0095
40,0097
41,0097
42,0097
43,0097
44,0100
45,0100
46,0100
47,0100
48,0101
49,0101
50,0101
51,0102
52,0104
53,0105
54,0105
55,0106
56,0123
57,0123
58,0126
59,0126
60,0128
61,0128
62,0133
63,0133
64,0135
65,0135
66,0135
67,0135
68,0139
69,0139
70,0141
71,0141
72,0143
73,0143
74,0145
75,0145
76,0148
77,0148
78,0151
79,0151
80,0151
81,0152
82,0152
83,0152
84,0152
85,0153
86,0161
87,0161
88,0161
89,0162
90,0162
91,0163
92,0163
93,0163
94,0172
95,0172
96,0172
97,0173
98,0173
99,0174
100,0174
101,0175
102,0181
103,0181
104,0182
105,0183
106,0187
107,0187
108,0187
109,0188
110,0188
111,0189
112,0197
113,0197
114,0197
115,0200
116,0200
117,0200
118,0200
119,0201
120,0201
121,0201
122,0220
123,0220
124,0220
125,0221
126,0221
127,0221
128,0221
129,0221
130,0222
131,0230
132,0230
133,0233
134,0233
135,0236
136,0236
137,0239
138,0239
139,0243
140,0243
141,0245
142,0247
143,0249
144,0249
145,0255
146,0255
147,0257
148,0260
149,0260
150,0261
151,0261
152,0265
153,0266
154,0266
155,0266
156,0266
157,0267
158,0270
159,0270
160,0273
161,0273
162,0274
163,0274
164,0276
165,0276
166,0277
167,0277
168,0278
169,0278
170,0278
171,0278
172,0279
173,0279
174,0281
175,0281
176,0282
177,0282
178,0284
179,0284
180,0286
181,0286
182,0287
183,0287
184,0288
185,0288
186,0289
187,0289
188,0290
189,0290
190,0291
191,0291
192,0292
193,0292
194,0292
195,0293
196,0294
197,0294
198,0296
199,0296
200,0298
201,0298
202,0300
203,0300
204,0302
205,0302
206,0302
207,0305
208,0305
209,0308
210,0308
211,0310
212,0310
213,0312
214,0312
215,0313
216,0313
217,0315
218,0315
219,0317
220,0317
221,0320
222,0320
223,0323
224,0325
225,0325
226,0325
227,0327
228,0327
229,0328
230,0328
231,0328
232,0330
233,0330
234,0330
235,0331
236,0334
237,0334
238,0336
239,0336
240,0337
241,0340
242,0340
243,0340
244,0340
245,0341
286,0342
247,0342
248,0342
249,0343
250,0343
251,0346
252,0346
254,0348
255,0348
256,0349
257,0349
258,0350
259,0350
260,0352
261,0352
262,0354
263,0354
269,0355
265,0355
266,0358
267,0358
268,0358
269,0359
270,0359
271,0359
272,0359
273,0361
274,0361
275,0362
276,0362
277,0364
278,0365
279,0365
280,0366
281,0367
282,0369
283,0369
284,0369
285,0370
286,0371
287,0374
288,0375
289,0375
290,0375
291,0375
292,0376
293,0377
294,0377
295,0381
296,0381
297,0381
298,0382
299,0385
300,0385
301,0385
302,0386
303,0387
304,0387
305,0388
306,0388
307,0388
308,0388
309,0389
310,0389
311,0389
312,0389
313,0399
314,0399
315,0399
316,0400
317,0400
318,0400
319,0401
320,0401
321,0401
322,0406
323,0406
324,0406
325,0407
326,0407
327,0409
328,0420
329,0420
330,0421
331,0422
332,0422
333,0422
334,0426
335,0427
336,0427
337,0429
338,0429
339,0430
340,0431
341,0431
342,0431
343,0433
344,0433
345,0433
386,0435
347,0435
348,0436
349,0438
350,0438
351,0438
352,0448
353,0448
354,0452
355,0452
356,0453
357,0454
358,0454
359,0459
360,0459
361,0460
362,0460
363,0461
364,0465
365,0465
366,0465
367,0466
368,0469
369,0469
370,0470
371,0470
372,0473
373,0473
374,0473
375,0474
376,0477
377,0477
378,0479
379,0479
380,0479
381,0482
382,0482
383,0483
384,0484
385,0485
386,0491
387,0491
388,0492
389,0493
390,0496
391,0496
392,0498
393,0502
394,0502
395,0503
396,0504
397,0504
398,0505
399,0510
400,0511
401,0511
402,0513
403,0513
404,0513
405,0514
406,0514
407,0514
408,0515
409,0515
510,0516
411,0522
412,0522
913,0523
414,0524
415,0524
