333,0001
334,0002
335,0002
336,0003
337,0004
338,0004
339,0005
340,0005
341,0006
342,0007
343,0014
344,0014
345,0014
346,0015
347,0016
348,0018
349,0020
350,0020
351,0021
352,0022
353,0022
358,0023
355,0024
356,0024
357,0038
358,0038
359,0039
360,0039
361,0040
362,0040
363,0040
364,0040
365,0041
366,0041
367,0042
368,0042
369,0042
370,0043
371,0043
372,0043
373,0044
374,0044
375,0044
376,0045
377,0045
378,0045
379,0046
380,0072
381,0072
382,0073
383,0073
384,0074
385,0075
386,0075
387,0076
388,0084
389,0084
390,0084
391,0085
392,0086
393,0086
394,0087
395,0088
396,0090
397,0092
398,0092
399,0092
400,0093
401,0093
402,0093
403,0094
404,0094
405,0099
406,0099
407,0099
408,0100
409,0102
410,0103
411,0103
412,0104
413,0105
414,0105
415,0106
416,0106
417,0107
418,0107
419,0108
420,0110
421,0110
422,0111
423,0112
424,0113
425,0113
426,0114
427,0114
428,0114
429,0115
430,0115
431,0116
432,0116
433,0116
434,0117
435,0117
436,0118
437,0118
438,0119
439,0124
440,0124
441,0124
442,0125
443,0125
444,0127
445,0127
446,0128
447,0129
448,0129
449,0130
450,0130
451,0130
452,0131
453,0131
454,0131
455,0132
456,0132
457,0133
458,0133
459,0133
460,0134
461,0134
462,0134
463,0135
464,0136
465,0136
466,0138
467,0147
468,0147
469,0147
470,0148
471,0149
472,0150
473,0150
474,0151
475,0152
476,0153
477,0153
478,0154
479,0154
480,0154
481,0155
482,0156
483,0156
484,0156
485,0157
486,0157
487,0159
488,0159
489,0160
490,0160
491,0162
492,0162
493,0163
494,0163
495,0163
496,0164
497,0165
498,0165
499,0165
500,0165
501,0166
502,0167
503,0167
504,0189
505,0189
506,0190
507,0190
508,0191
509,0192
510,0193
511,0195
512,0196
513,0196
514,0197
515,0197
516,0198
517,0198
518,0199
519,0199
520,0199
521,0199
522,0199
523,0200
524,0200
525,0201
526,0210
527,0210
528,0211
529,0211
530,0211
531,0212
532,0212
533,0212
534,0213
535,0219
536,0219
537,0219
538,0220
539,0220
540,0221
541,0221
542,0221
543,0222
544,0222
545,0223
546,0223
547,0224
549,0226
550,0227
551,0228
552,0229
553,0230
554,0231
555,0232
556,0232
557,0233
558,0234
559,0235
560,0236
561,0236
562,0237
563,0237
574,0239
565,0242
566,0242
567,0242
568,0243
569,0243
570,0245
571,0245
572,0246
573,0246
574,0246
575,0246
576,0247
577,0247
578,0248
579,0251
580,0251
581,0251
582,0252
583,0252
584,0253
585,0253
586,0253
587,0254
588,0254
589,0254
590,0255
591,0255
592,0256
593,0256
594,0257
595,0257
596,0258
597,0259
598,0268
599,0268
600,0269
601,0269
602,0270
603,0271
604,0272
605,0272
606,0273
607,0274
608,0274
609,0275
610,0276
611,0276
612,0277
613,0277
614,0277
615,0278
616,0278
617,0285
618,0285
619,0285
620,0286
621,0286
622,0286
623,0286
624,0287
625,0287
626,0288
627,0288
628,0289
629,0290
630,0291
631,0292
632,0292
633,0293
634,0293
635,0294
636,0294
637,0295
638,0304
639,0304
640,0304
641,0305
642,0306
643,0307
644,0308
645,0308
646,0309
647,0310
648,0311
649,0312
650,0313
651,0314
652,0315
653,0319
654,0319
655,0320
656,0320
657,0321
658,0322
659,0324
660,0325
661,0325
662,0326
663,0327
664,0327
665,0327
666,0328
667,0328
668,0328
669,0329
670,0329
671,0329
672,0330
674,0334
675,0334
676,0335
677,0335
676,0336
679,0336
680,0336
681,0336
682,0337
683,0337
684,0337
685,0338
686,0338
687,0338
688,0339
689,0339
690,0340
691,0341
692,0343
693,0344
694,0345
695,0345
696,0345
697,0346
698,0381
699,0381
700,0382
701,0382
702,0385
703,0385
704,0385
705,0387
706,0391
707,0391
708,0391
709,0392
710,0393
711,0394
712,0394
713,0395
714,0395
715,0395
716,0395
717,0395
718,0396
719,0396
720,0412
721,0412
722,0413
723,0413
724,0413
725,0414
726,0414
727,0414
728,0415
729,0415
730,0416
731,0417
732,0417
733,0418
734,0418
735,0419
736,0419
737,0419
738,0420
739,0421
740,0422
741,0428
742,0428
743,0428
744,0429
745,0429
746,0429
747,0429
748,0430
749,0430
750,0431
751,0432
752,0432
753,0433
754,0436
755,0436
756,0437
757,0438
758,0438
759,0438
760,0439
761,0439
762,0439
763,0440
764,0440
765,0441
766,0450
767,0450
768,0451
769,0451
770,0452
771,0454
772,0455
773,0456
774,0456
775,0457
776,0458
777,0458
778,0459
779,0460
780,0460
781,0460
782,0461
783,0461
784,0462
785,0464
786,0465
787,0466
788,0466
789,0467
790,0468
791,0468
792,0469
793,0470
794,0470
795,0477
796,0477
797,0477
798,0478
799,0478
800,0478
801,0479
802,0479
803,0480
804,0480
805,0480
806,0481
807,0481
808,0481
809,0482
810,0486
811,0486
812,0486
813,0486
814,0487
815,0487
816,0487
817,0488
818,0489
819,0490
820,0492
821,0492
822,0493
823,0494
824,0496
825,0501
826,0501
827,0502
828,0503
829,0503
830,0504
831,0505
832,0509
833,0510
834,0511
835,0512
836,0513
837,0515
838,0515
839,0516
840,0517
841,0517
842,0517
843,0518
844,0518
845,0518
846,0518
847,0519
848,0519
849,0519
850,0519
851,0520
852,0520
853,0523
854,0523
855,0523
856,0524
857,0524
858,0525
859,0525
860,0526
861,0526
862,0527
863,0528
868,0528
865,0529
