1,0001
2,0002
3,0002
4,0003
5,0004
6,0005
7,0005
8,0006
9,0007
10,0008
11,0009
12,0009
13,0010
14,0010
15,0011
16,0012
17,0012
18,0013
19,0014
20,0014
21,0015
22,0016
23,0017
24,0018
25,0018
26,0019
27,0020
28,0021
29,0021
30,0021
31,0022
32,0023
33,0023
34,0023
35,0023
36,0023
37,0024
38,0025
39,0026
40,0026
41,0026
42,0026
43,0027
44,0027
45,0027
46,0027
47,0027
48,0027
49,0027
50,0029
51,0029
52,0030
53,0031
54,0031
55,0031
56,0032
57,0032
58,0033
59,0034
60,0034
61,0035
62,0035
63,0035
64,0035
65,0036
66,0036
67,0036
68,0036
69,0036
70,0036
71,0036
72,0036
73,0037
74,0037
75,0038
76,0039
77,0040
78,0040
79,0040
80,0040
81,0040
82,0041
83,0041
84,0043
85,0044
86,0044
87,0044
88,0044
89,0045
90,0045
91,0046
92,0046
93,0047
94,0047
95,0047
96,0048
97,0049
98,0049
99,0049
100,0050
101,0050
102,0050
103,0051
104,0051
105,0051
106,0051
107,0051
108,0052
109,0052
110,0052
111,0052
112,0052
113,0052
114,0052
115,0053
116,0054
117,0055
118,0055
119,0056
120,0056
121,0056
122,0057
123,0057
124,0058
125,0058
126,0058
127,0058
128,0059
129,0059
130,0059
131,0059
132,0059
133,0060
134,0060
135,0061
136,0061
137,0061
138,0061
139,0062
140,0062
141,0062
142,0062
143,0062
144,0063
145,0063
146,0063
147,0063
148,0063
149,0064
150,0064
151,0064
152,0064
153,0064
154,0064
155,0065
156,0065
157,0065
158,0065
159,0065
160,0066
161,0066
162,0066
163,0067
164,0067
165,0069
166,0070
167,0070
168,0071
169,0071
170,0072
171,0072
172,0072
173,0073
174,0073
175,0074
176,0075
177,0075
178,0075
179,0077
180,0078
181,0078
182,0078
183,0079
184,0079
185,0080
186,0080
187,0081
188,0082
189,0083
190,0083
191,0084
192,0084
193,0085
194,0085
195,0085
196,0085
197,0086
198,0086
199,0086
200,0086
201,0087
202,0087
203,0087
204,0088
205,0088
206,0088
207,0088
208,0089
209,0089
210,0089
211,0090
212,0090
213,0090
214,0091
215,0091
216,0092
217,0092
218,0093
219,0093
220,0093
221,0093
222,0094
223,0094
224,0094
225,0095
226,0095
227,0096
228,0096
229,0097
230,0098
231,0098
232,0098
233,0099
234,0099
235,0100
236,0100
237,0100
238,0101
239,0101
240,0101
241,0101
242,0102
243,0102
244,0103
245,0104
246,0105
247,0105
248,0106
249,0106
250,0107
251,0107
252,0107
253,0108
254,0108
255,0109
256,0111
257,0111
258,0111
259,0112
260,0112
261,0112
262,0113
263,0113
264,0114
265,0114
266,0114
267,0114
268,0114
269,0115
270,0115
271,0116
272,0117
273,0118
274,0118
275,0119
276,0119
277,0119
278,0119
279,0120
280,0121
281,0122
282,0124
283,0125
284,0126
285,0126
286,0127
287,0127
288,0127
289,0127
290,0128
291,0128
292,0128
293,0129
294,0129
295,0130
296,0130
297,0130
298,0131
299,0131
300,0132
301,0133
302,0133
303,0133
304,0133
305,0134
306,0134
307,0134
308,0134
309,0134
310,0135
311,0135
312,0135
313,0135
314,0135
315,0136
316,0136
317,0136
318,0136
319,0136
320,0137
321,0137
322,0137
323,0138
324,0138
325,0138
326,0138
327,0138
328,0139
329,0139
330,0139
331,0139
332,0139
333,0140
334,0140
335,0140
336,0140
337,0140
338,0141
339,0141
340,0141
341,0141
342,0142
343,0142
344,0142
345,0142
346,0143
347,0143
348,0143
349,0144
350,0144
351,0145
352,0146
353,0146
354,0147
355,0147
356,0147
357,0148
358,0148
359,0149
360,0150
361,0150
362,0150
363,0151
364,0151
365,0151
366,0152
367,0152
368,0152
369,0153
370,0153
371,0154
372,0154
373,0155
374,0155
375,0155
376,0155
377,0156
378,0156
379,0156
380,0156
381,0157
382,0157
383,0158
384,0158
385,0160
386,0161
387,0161
388,0162
389,0162
390,0163
391,0163
392,0163
393,0164
394,0164
395,0164
396,0165
397,0165
398,0165
399,0165
400,0166
401,0166
402,0167
403,0167
404,0167
405,0168
406,0168
407,0168
408,0169
409,0169
410,0169
411,0169
412,0169
413,0169
414,0170
415,0170
416,0170
4,0170
417,0170
418,0171
419,0171
420,0171
421,0171
422,0172
423,0172
424,0172
425,0173
426,0173
427,0173
428,0174
429,0174
430,0175
431,0175
432,0175
433,0175
434,0175
435,0176
436,0176
437,0177
438,0178
439,0178
440,0178
441,0179
442,0179
443,0179
444,0179
445,0181
446,0182
447,0182
448,0182
449,0182
450,0183
451,0183
452,0183
453,0183
454,0183
455,0183
456,0184
457,0184
458,0184
459,0184
460,0184
461,0185
462,0185
463,0185
464,0185
465,0185
466,0185
467,0186
468,0186
469,0186
470,0186
471,0187
472,0187
473,0187
474,0188
475,0188
476,0188
477,0189
478,0189
479,0189
480,0189
481,0189
482,0190
483,0190
484,0190
485,0190
486,0190
487,0191
488,0191
489,0191
490,0192
491,0192
492,0192
493,0192
494,0193
495,0193
496,0193
497,0194
498,0194
499,0194
500,0194
501,0195
502,0195
503,0195
504,0196
505,0196
506,0196
507,0196
508,0196
509,0197
510,0197
511,0197
512,0197
513,0197
514,0197
515,0198
516,0198
517,0198
518,0199
519,0199
520,0200
521,0200
522,0201
523,0201
524,0201
525,0201
526,0201
527,0202
528,0202
529,0202
530,0202
531,0203
532,0203
533,0203
534,0203
535,0203
536,0204
537,0204
538,0204
539,0204
540,0204
541,0205
542,0205
543,0205
544,0205
545,0206
546,0207
547,0208
548,0208
549,0208
550,0208
551,0209
552,0209
553,0209
554,0209
555,0210
556,0210
557,0210
558,0210
559,0210
560,0211
561,0211
562,0211
563,0211
564,0211
565,0211
566,0212
567,0212
568,0212
569,0213
570,0213
571,0213
572,0213
573,0214
574,0214
575,0215
576,0215
577,0215
578,0215
579,0215
580,0215
581,0215
582,0215
583,0216
584,0216
585,0216
586,0216
587,0216
588,0216
589,0216
590,0216
591,0217
592,0217
593,0217
594,0217
595,0217
596,0217
597,0218
598,0218
599,0218
600,0218
601,0218
602,0219
603,0219
604,0219
605,0219
606,0219
607,0219
608,0219
609,0220
610,0220
611,0220
612,0220
1,0220
613,0221
614,0221
615,0221
616,0221
617,0222
618,0222
619,0222
620,0223
621,0223
622,0224
623,0224
624,0225
625,0225
626,0225
627,0226
628,0226
629,0226
630,0227
631,0227
632,0227
633,0228
634,0228
635,0228
636,0229
637,0229
638,0229
639,0230
640,0230
641,0230
642,0231
643,0232
644,0232
645,0233
646,0233
647,0234
2,0234
2,0234
648,0235
649,0235
650,0235
651,0235
652,0235
653,0236
654,0237
655,0238
656,0239
657,0239
658,0240
659,0240
660,0241
661,0241
662,0241
663,0241
664,0241
665,0241
666,0242
667,0242
668,0242
669,0243
670,0243
671,0244
672,0244
673,0244
674,0244
675,0244
676,0245
677,0245
678,0245
679,0245
680,0246
681,0246
682,0246
683,0246
684,0246
685,0247
686,0247
687,0247
688,0247
689,0248
690,0248
691,0249
692,0249
693,0250
694,0250
695,0250
696,0251
697,0251
698,0251
699,0251
700,0251
701,0251
702,0252
703,0252
704,0252
705,0252
706,0253
707,0253
708,0253
709,0253
710,0253
711,0253
712,0254
713,0254
714,0254
715,0254
716,0254
717,0255
718,0255
719,0255
720,0255
721,0255
722,0256
723,0256
724,0257
725,0257
726,0257
727,0258
728,0258
729,0259
730,0259
731,0259
732,0259
733,0259
734,0259
735,0260
736,0260
737,0260
738,0261
739,0261
740,0261
741,0261
742,0261
743,0262
744,0262
745,0262
746,0262
747,0262
748,0262
749,0263
750,0263
751,0263
752,0263
753,0263
754,0264
755,0264
756,0264
757,0264
758,0265
759,0265
760,0265
761,0265
762,0266
763,0266
764,0266
765,0267
766,0267
767,0267
768,0268
769,0268
770,0268
771,0268
772,0269
773,0269
774,0269
775,0269
776,0269
777,0269
778,0270
779,0270
780,0270
781,0270
782,0271
783,0271
784,0271
785,0271
786,0272
787,0272
788,0272
789,0272
790,0273
791,0273
792,0273
793,0274
794,0274
795,0275
796,0275
797,0275
798,0275
799,0275
800,0275
801,0276
802,0276
803,0276
804,0276
805,0276
806,0276
807,0276
808,0276
809,0277
810,0277
811,0277
812,0278
813,0278
814,0278
815,0278
816,0278
817,0278
818,0278
819,0278
820,0279
821,0279
822,0279
823,0280
824,0280
825,0280
826,0280
827,0280
828,0281
829,0281
830,0281
831,0282
832,0282
833,0282
834,0282
835,0282
836,0283
837,0283
838,0284
839,0284
840,0284
841,0284
842,0284
843,0284
844,0285
845,0285
846,0285
847,0285
848,0286
849,0286
850,0286
851,0286
852,0287
853,0287
854,0287
855,0287
856,0288
857,0288
858,0288
859,0288
860,0289
861,0289
862,0289
863,0289
864,0290
865,0290
866,0290
867,0291
868,0291
869,0291
870,0292
871,0292
872,0292
873,0293
874,0293
875,0293
876,0293
877,0293
878,0293
879,0294
880,0294
881,0294
882,0294
883,0294
884,0294
885,0295
886,0295
887,0295
888,0295
889,0295
890,0296
891,0296
892,0296
893,0296
894,0297
895,0297
896,0297
897,0297
898,0298
899,0298
900,0298
901,0298
902,0299
903,0299
904,0299
905,0299
906,0299
907,0300
908,0300
909,0300
910,0300
911,0300
912,0301
913,0301
914,0301
915,0301
916,0301
917,0301
918,0302
919,0302
920,0302
921,0302
922,0302
923,0303
924,0303
925,0303
926,0303
927,0303
928,0304
929,0304
930,0304
931,0304
932,0305
933,0305
934,0305
935,0305
936,0306
937,0306
938,0306
939,0306
940,0306
941,0306
942,0307
943,0307
944,0307
945,0307
946,0307
947,0307
948,0308
949,0308
950,0308
951,0308
952,0308
953,0308
954,0309
955,0309
956,0309
957,0309
958,0309
959,0309
960,0309
961,0310
962,0310
2,0310
963,0310
964,0310
1,0310
965,0311
966,0311
967,0311
968,0311
969,0312
970,0312
971,0312
972,0313
973,0313
974,0313
975,0313
976,0313
977,0313
978,0314
979,0314
980,0314
981,0314
982,0314
983,0315
984,0316
985,0317
986,0317
987,0317
988,0317
989,0318
990,0318
991,0318
992,0318
993,0318
994,0318
995,0319
996,0319
997,0319
998,0319
999,0319
1000,0320
1001,0320
1002,0320
1003,0321
1004,0321
1005,0321
1006,0321
1007,0322
1008,0322
1009,0322
1010,0322
1011,0323
1012,0323
1013,0323
1014,0324
1015,0324
1016,0324
1017,0325
1018,0325
1019,0325
1020,0325
1021,0326
1022,0326
1023,0326
1024,0326
1025,0327
1026,0328
1027,0328
1028,0329
1029,0329
1030,0330
1031,0330
1032,0331
1033,0331
1034,0331
1035,0332
1036,0332
1037,0332
1038,0333
1039,0333
1040,0333
1041,0333
1042,0333
1043,0334
1044,0334
1045,0334
1046,0334
1047,0334
1048,0335
1049,0335
1050,0335
1051,0335
1052,0335
1053,0335
1054,0335
1055,0335
1056,0336
1057,0336
1058,0336
1059,0336
1060,0337
1061,0337
1062,0338
1063,0338
1064,0338
1065,0339
1066,0339
1067,0340
1068,0340
1069,0341
1070,0341
1071,0341
1072,0342
1073,0342
1074,0343
1075,0343
1076,0344
1077,0345
1078,0345
1079,0345
1080,0346
1081,0346
1082,0346
1083,0346
1084,0347
1085,0347
1086,0348
1087,0349
1088,0349
1089,0349
1090,0350
1091,0350
1092,0351
1093,0351
1094,0352
1095,0352
1096,0352
1097,0353
1098,0353
1099,0354
1100,0354
1101,0355
1102,0355
1103,0355
1104,0356
1105,0356
1106,0356
1107,0356
1108,0356
1109,0357
1110,0357
1111,0357
1112,0357
1113,0357
1114,0357
1115,0358
1116,0358
1117,0358
1118,0359
1119,0359
1120,0359
1121,0360
1122,0360
1123,0360
1124,0361
1125,0361
1126,0362
1127,0363
1128,0363
1129,0363
1130,0364
1131,0364
1132,0364
1133,0364
1134,0365
1135,0365
1136,0366
1137,0367
1138,0367
1139,0368
1140,0368
1141,0369
1142,0369
1143,0371
1144,0371
1145,0372
1146,0372
1147,0372
1148,0373
1149,0374
1150,0374
1151,0375
1152,0376
1153,0376
1154,0376
1155,0377
1156,0377
1157,0378
1158,0379
1159,0379
1160,0380
1161,0380
1162,0380
1163,0381
1164,0381
1165,0381
1166,0381
1167,0381
1168,0382
1169,0382
1170,0383
1171,0383
1172,0383
1173,0383
1174,0383
1175,0384
1176,0384
1177,0384
1178,0384
1179,0384
1180,0385
1181,0385
1182,0385
1183,0386
1184,0386
1185,0386
1186,0386
1187,0387
1188,0387
1189,0387
1190,0387
1191,0387
1192,0388
1193,0388
1194,0388
1195,0389
1196,0389
1197,0389
1198,0389
1199,0390
1200,0390
1201,0390
1202,0391
1203,0391
1204,0392
1205,0393
1206,0393
1207,0393
1208,0394
1209,0394
1210,0395
1211,0395
1212,0396
1213,0397
1214,0398
1215,0398
1216,0398
1217,0399
1218,0400
1219,0401
1220,0401
1221,0402
1222,0403
1223,0403
1224,0403
1225,0403
1226,0404
1227,0404
1228,0404
1229,0405
1230,0405
1231,0406
1232,0406
1233,0406
1234,0406
1235,0407
1236,0407
1237,0407
1238,0408
1239,0408
1240,0408
1241,0408
1242,0409
1243,0409
1244,0409
1245,0410
1246,0410
1247,0410
1248,0411
1249,0411
1250,0411
1251,0412
1252,0412
1253,0412
1254,0412
1255,0412
1256,0413
1257,0413
1258,0413
1259,0414
1260,0414
1261,0414
1262,0415
1263,0415
1264,0415
1265,0416
1266,0416
1267,0416
1268,0417
1269,0417
1270,0418
1271,0418
1272,0418
1273,0419
1274,0419
1275,0419
1276,0420
1277,0420
1278,0420
1279,0420
1280,0420
1281,0421
1282,0421
1283,0421
1284,0422
1285,0422
1286,0423
1287,0423
1288,0423
1289,0423
1290,0423
1291,0423
1292,0424
1293,0424
1294,0424
1295,0424
1296,0424
1297,0424
1298,0425
1299,0425
1300,0425
1301,0425
1302,0426
1303,0426
1304,0426
1305,0426
1306,0428
1307,0429
1308,0429
1309,0429
1310,0430
1311,0430
1312,0430
1313,0431
1314,0431
1315,0431
1316,0431
1317,0431
1318,0432
1319,0432
1320,0432
1321,0433
1322,0433
1323,0433
1324,0433
1325,0434
1326,0434
1327,0434
1328,0434
1329,0434
1330,0435
1331,0435
1332,0435
1333,0436
1334,0436
1335,0436
1336,0437
1337,0437
1338,0437
1339,0437
1340,0438
1341,0438
1342,0438
1343,0439
1344,0439
1345,0439
1346,0440
1347,0440
1348,0440
1349,0440
1350,0441
1351,0441
1352,0441
1353,0441
1354,0442
1355,0442
1356,0442
1357,0443
1358,0443
1359,0444
1360,0444
1361,0444
1362,0444
1363,0445
1364,0445
1365,0445
1366,0446
1367,0446
1368,0447
1369,0447
1370,0447
1371,0447
1372,0448
1373,0448
1374,0448
1375,0449
1376,0450
1377,0450
1378,0450
1379,0451
1380,0451
1381,0451
1382,0451
1383,0452
1384,0452
1385,0453
1386,0453
1387,0453
1388,0453
1389,0454
1390,0454
1391,0455
1392,0456
1393,0456
1394,0457
1395,0458
1396,0458
1397,0459
1398,0459
1399,0460
1400,0461
1401,0461
1402,0461
1403,0461
1404,0462
1405,0462
1406,0463
1407,0463
1408,0463
1409,0464
1410,0464
1411,0464
1412,0464
1413,0464
1414,0465
1415,0465
1416,0465
1417,0466
1418,0466
1419,0466
1420,0467
1421,0467
1422,0467
1423,0468
1424,0468
1425,0468
1426,0468
1427,0469
1428,0469
1429,0470
1430,0470
1431,0472
1432,0473
1433,0473
1434,0473
1435,0473
1436,0474
1437,0474
1438,0474
1439,0474
1440,0475
1441,0475
1442,0476
1443,0476
1444,0476
1445,0477
1446,0477
1447,0477
1448,0478
1449,0479
1450,0479
1451,0480
1452,0480
1453,0481
1454,0481
1455,0482
1456,0482
1457,0482
1458,0483
1459,0483
1460,0484
1461,0484
1462,0485
1463,0485
1464,0485
1465,0486
1466,0487
1467,0487
1468,0487
1469,0487
1470,0488
1471,0488
1472,0489
1473,0489
1474,0489
1475,0490
1476,0491
1477,0491
1478,0492
1479,0493
1480,0493
1481,0493
1482,0494
1483,0494
1484,0494
1485,0494
1486,0495
1487,0495
1488,0495
1489,0496
1490,0497
1491,0497
1492,0498
1493,0498
1494,0498
1495,0498
1496,0499
1497,0499
1498,0499
1499,0499
1500,0500
1501,0500
1502,0500
1503,0500
1504,0501
1505,0501
1506,0501
1507,0502
1508,0502
1509,0502
1510,0503
1511,0503
1512,0504
1513,0504
1514,0505
1515,0506
1516,0506
1517,0507
1518,0507
1519,0507
1520,0508
1521,0508
1522,0509
1523,0509
1524,0510
1525,0510
1526,0511
1527,0512
1528,0512
1529,0512
1530,0513
1531,0514
1532,0514
1533,0515
1534,0515
1535,0515
1536,0515
1537,0516
1538,0516
1539,0516
1540,0516
1541,0516
1542,0517
1543,0517
1544,0517
1545,0518
1546,0518
1547,0518
1548,0518
1549,0519
1550,0519
1551,0520
1552,0520
1553,0520
1554,0521
1555,0521
1556,0522
1557,0522
1558,0522
1559,0523
1560,0523
1561,0524
1562,0524
1563,0525
1564,0525
1565,0525
1566,0526
1567,0527
1568,0527
1569,0528
1570,0528
1571,0529
1572,0529
1573,0529
1574,0529
1575,0530
1576,0530
1577,0530
1578,0531
1579,0531
1580,0532
1581,0532
1582,0532
1583,0533
1584,0533
1585,0534
1586,0534
1587,0535
1588,0535
1589,0535
1590,0535
1591,0535
1592,0536
1593,0536
1594,0537
1595,0537
1596,0538
1597,0538
1598,0538
1599,0538
1600,0539
1601,0539
1602,0539
1603,0539
1604,0539
1605,0539
1606,0540
1607,0540
1608,0540
1609,0540
1610,0541
1611,0541
1612,0541
1613,0542
1614,0542
1615,0542
1616,0544
1617,0544
1618,0544
1619,0545
1620,0545
1621,0546
1622,0546
1623,0547
1624,0547
1625,0547
1626,0548
1627,0548
1628,0549
1629,0549
1630,0550
1631,0550
1632,0551
1633,0551
1634,0551
1635,0552
1636,0552
1637,0553
1638,0553
1639,0555
1640,0555
1641,0555
1642,0556
1643,0556
1644,0556
1645,0556
1646,0557
1647,0557
1648,0557
1649,0557
1650,0557
1651,0558
1652,0558
1653,0558
1654,0558
1655,0559
1656,0559
1657,0560
1658,0562
1659,0563
1660,0563
1661,0564
1662,0564
1663,0564
1664,0565
1665,0565
1666,0565
1667,0565
1668,0566
1669,0566
1670,0566
1671,0567
1672,0567
1673,0567
1674,0568
1675,0568
1676,0568
1677,0569
1678,0569
1679,0569
1680,0570
1681,0570
1682,0571
1683,0571
1684,0572
1685,0572
1686,0572
1687,0573
1688,0573
1689,0574
1690,0574
1691,0574
1692,0575
1693,0575
1694,0575
1695,0576
1696,0576
1697,0576
1698,0577
1699,0577
1700,0578
1701,0578
1702,0579
1703,0579
1704,0579
1705,0580
1706,0580
1707,0581
1708,0581
1709,0581
1710,0582
1711,0582
1712,0582
1713,0583
1714,0583
1715,0583
1716,0583
1717,0584
1718,0584
1719,0584
1720,0584
1721,0585
1722,0585
1723,0585
1724,0586
1725,0586
1726,0587
1727,0587
1728,0588
1729,0588
1730,0588
1731,0589
1732,0589
1733,0591
1734,0591
1735,0592
1736,0592
1737,0593
1738,0593
1739,0593
1740,0594
1741,0594
1742,0595
1743,0595
1744,0595
1745,0595
1746,0596
1747,0596
1748,0597
1749,0598
1750,0598
1751,0598
1752,0599
1753,0600
1754,0601
1755,0602
1756,0602
1757,0602
1758,0603
1759,0603
1760,0603
1761,0603
1762,0604
1763,0604
1764,0604
1765,0605
1766,0605
1767,0606
1768,0606
1769,0607
1770,0607
1771,0608
1772,0608
1773,0609
1774,0609
1775,0610
1776,0611
1777,0611
1778,0611
1779,0612
1780,0612
1781,0613
1782,0613
1783,0614
1784,0614
1785,0615
1786,0615
1787,0616
1788,0616
1789,0616
1790,0617
1791,0617
1792,0617
1793,0618
1794,0618
1795,0618
1796,0619
1797,0619
1798,0619
1799,0620
1800,0620
1801,0621
1802,0621
1803,0621
1804,0621
1805,0622
1806,0622
1807,0622
1808,0623
1809,0624
1810,0624
1811,0624
1812,0625
1813,0626
1814,0626
1815,0626
1816,0627
1817,0627
1818,0627
1819,0627
1820,0628
1821,0628
1822,0628
1823,0630
1824,0630
1825,0630
1826,0631
1827,0631
1828,0631
1829,0632
1830,0632
1831,0633
1832,0633
1833,0635
1834,0635
1835,0635
1836,0636
1837,0636
1838,0637
1839,0637
1840,0637
1841,0638
1842,0638
1843,0639
1844,0639
1845,0640
1846,0640
1847,0641
1848,0641
1849,0642
1850,0642
1851,0642
1852,0643
1853,0643
1854,0643
1855,0644
1856,0644
1857,0645
1858,0645
1859,0645
1860,0646
1861,0646
1862,0647
1863,0647
1864,0647
1865,0647
1866,0648
1867,0648
1868,0648
1869,0649
1870,0649
1871,0650
1872,0650
1873,0650
1874,0651
1875,0651
1876,0652
1877,0652
1878,0652
1879,0652
1880,0653
1881,0654
1882,0655
1883,0655
1884,0655
1885,0656
1886,0656
1887,0656
1888,0656
1889,0657
1890,0657
1891,0658
1892,0658
1893,0659
1894,0659
1895,0660
1896,0660
1897,0660
