1,0001
2,0002
3,0002
4,0003
5,0003
6,0003
7,0004
8,0004
9,0004
10,0005
11,0005
12,0006
13,0006
14,0006
15,0007
16,0009
17,0010
18,0010
19,0010
20,0010
21,0010
22,0010
23,0011
24,0011
25,0011
26,0011
27,0011
28,0011
29,0012
30,0012
31,0012
32,0012
33,0013
34,0013
35,0013
36,0013
37,0014
38,0014
39,0014
40,0014
41,0014
42,0015
43,0015
44,0015
45,0015
46,0015
47,0016
48,0016
49,0016
50,0016
51,0016
52,0017
53,0017
54,0017
55,0017
56,0017
57,0018
58,0018
59,0018
60,0018
61,0018
62,0019
63,0019
64,0019
65,0019
66,0019
67,0019
68,0019
69,0020
70,0020
71,0020
72,0021
73,0021
74,0021
75,0022
76,0023
77,0023
78,0023
79,0024
80,0026
81,0026
82,0028
83,0029
84,0030
85,0030
86,0030
87,0030
88,0031
89,0031
90,0031
91,0031
92,0032
93,0032
94,0032
95,0032
96,0032
97,0033
98,0033
99,0033
100,0033
101,0033
102,0034
103,0034
104,0034
105,0034
106,0034
107,0034
108,0034
109,0035
110,0035
111,0035
112,0035
113,0035
114,0035
115,0035
116,0035
117,0035
118,0035
119,0036
120,0036
121,0036
122,0036
123,0036
124,0036
125,0036
126,0037
127,0037
128,0038
129,0038
130,0039
131,0040
132,0040
133,0041
134,0042
135,0042
136,0043
137,0043
138,0044
139,0044
140,0044
141,0045
142,0045
143,0046
144,0046
145,0046
146,0047
147,0047
148,0048
149,0048
150,0048
151,0049
152,0049
153,0049
154,0050
155,0050
156,0051
157,0051
158,0051
159,0052
160,0052
161,0053
162,0053
163,0053
164,0053
165,0054
166,0054
167,0054
168,0054
169,0055
170,0055
171,0055
172,0056
173,0056
174,0057
175,0058
176,0059
177,0060
178,0060
179,0061
180,0062
181,0063
182,0066
183,0067
184,0067
185,0069
186,0070
187,0073
188,0073
189,0074
190,0075
191,0077
192,0078
193,0079
194,0080
195,0081
196,0083
197,0084
198,0084
199,0084
200,0084
201,0085
202,0085
203,0085
204,0085
205,0085
206,0085
207,0086
208,0086
209,0086
210,0086
211,0087
212,0087
213,0087
214,0087
215,0088
216,0088
217,0088
218,0089
219,0089
220,0089
221,0089
222,0090
223,0090
224,0090
225,0090
226,0091
227,0091
228,0091
229,0091
230,0092
231,0092
232,0092
233,0092
234,0092
235,0093
236,0093
237,0093
238,0093
239,0093
240,0094
241,0094
242,0094
243,0094
244,0094
245,0094
246,0095
247,0095
248,0095
249,0095
250,0095
251,0095
252,0096
253,0096
254,0096
255,0097
256,0097
257,0097
258,0097
259,0098
260,0098
261,0099
262,0099
263,0099
264,0099
265,0100
266,0101
267,0102
268,0103
269,0104
270,0105
271,0106
272,0107
273,0107
274,0107
275,0108
276,0109
277,0109
278,0109
279,0109
280,0109
281,0109
282,0110
283,0110
284,0110
285,0110
286,0110
287,0110
288,0111
289,0111
290,0111
291,0111
292,0111
293,0112
294,0112
295,0112
296,0112
297,0113
298,0113
299,0113
300,0113
301,0113
302,0113
303,0114
304,0114
305,0114
306,0114
307,0114
308,0115
309,0115
310,0115
311,0116
312,0116
313,0116
314,0117
315,0117
316,0117
317,0118
318,0119
319,0119
320,0120
321,0120
322,0120
323,0121
324,0121
325,0121
326,0122
327,0123
328,0124
329,0124
330,0124
331,0125
332,0125
333,0126
334,0126
335,0127
336,0127
337,0127
338,0128
339,0128
340,0128
341,0129
342,0129
343,0129
344,0129
345,0129
346,0129
347,0130
348,0130
349,0130
350,0130
351,0130
352,0130
353,0131
354,0131
355,0131
356,0131
357,0132
358,0132
359,0132
360,0132
361,0132
362,0132
363,0133
364,0133
365,0133
366,0133
367,0134
368,0134
369,0134
370,0134
371,0134
372,0134
373,0135
374,0135
375,0135
376,0135
377,0135
378,0135
379,0136
380,0136
381,0136
382,0136
383,0137
384,0137
385,0137
386,0137
387,0137
388,0137
389,0138
390,0138
391,0138
392,0138
393,0138
394,0138
395,0139
396,0139
397,0139
398,0139
399,0140
400,0140
401,0140
402,0140
403,0140
404,0141
405,0141
406,0141
407,0141
408,0141
409,0141
410,0142
411,0142
412,0142
413,0142
414,0142
415,0143
416,0143
417,0143
418,0144
419,0145
420,0145
421,0146
422,0146
423,0147
424,0147
425,0148
426,0148
427,0149
428,0149
429,0150
430,0150
431,0151
432,0151
433,0151
434,0152
435,0152
436,0153
437,0154
438,0154
439,0154
440,0155
441,0155
442,0156
443,0156
444,0157
445,0158
446,0159
447,0159
448,0159
449,0160
450,0160
451,0161
452,0162
453,0162
454,0163
455,0163
456,0163
457,0164
458,0164
459,0165
460,0166
461,0166
462,0167
463,0167
464,0168
465,0168
466,0169
467,0169
468,0170
469,0170
470,0171
471,0172
472,0173
473,0173
474,0174
475,0174
476,0175
477,0175
478,0175
479,0176
480,0176
481,0176
482,0177
483,0177
484,0177
485,0178
486,0178
487,0179
488,0179
489,0180
490,0180
491,0180
492,0181
493,0181
494,0181
495,0182
496,0182
497,0182
498,0183
499,0183
500,0183
501,0184
502,0184
503,0184
504,0185
505,0187
506,0191
507,0193
508,0193
509,0193
510,0193
511,0194
512,0194
513,0194
514,0194
515,0195
516,0195
517,0197
518,0199
519,0200
520,0202
521,0204
522,0206
523,0209
524,0210
525,0212
526,0213
527,0213
528,0213
529,0213
530,0213
531,0214
532,0214
533,0214
534,0214
535,0214
536,0214
537,0214
538,0214
539,0215
540,0215
541,0216
542,0217
543,0217
544,0218
545,0218
546,0218
547,0218
548,0218
549,0218
550,0219
551,0219
552,0219
553,0220
554,0220
555,0220
556,0220
557,0220
558,0221
559,0221
560,0221
561,0221
562,0221
563,0222
564,0222
565,0222
566,0222
567,0223
568,0223
569,0223
570,0223
571,0223
572,0224
573,0224
574,0224
575,0224
576,0224
577,0225
578,0225
579,0225
580,0225
581,0226
582,0226
583,0226
584,0226
585,0226
586,0227
587,0227
588,0227
589,0228
590,0228
591,0229
592,0229
593,0229
594,0230
595,0230
596,0230
597,0231
598,0231
599,0231
600,0232
601,0232
602,0232
603,0233
604,0233
605,0233
606,0234
607,0234
608,0234
609,0235
610,0235
611,0235
612,0236
613,0236
614,0236
615,0237
616,0237
617,0237
618,0238
619,0238
620,0238
621,0238
622,0239
623,0239
624,0240
625,0240
626,0240
627,0241
628,0241
629,0241
630,0241
631,0242
632,0242
633,0242
634,0243
635,0244
636,0244
637,0245
638,0245
639,0245
640,0246
641,0247
642,0247
643,0248
644,0249
645,0250
646,0250
647,0251
648,0252
649,0253
650,0253
651,0253
652,0254
653,0254
654,0254
655,0255
656,0255
657,0256
658,0256
659,0256
660,0256
661,0257
662,0257
663,0259
664,0259
665,0260
666,0260
667,0261
668,0261
669,0262
670,0262
671,0262
672,0263
673,0263
674,0264
675,0264
676,0265
677,0266
678,0266
679,0266
680,0267
681,0267
682,0267
683,0268
684,0269
685,0269
686,0270
687,0270
688,0270
689,0271
690,0271
691,0272
692,0274
693,0274
694,0274
695,0275
696,0275
697,0276
698,0276
699,0276
700,0277
701,0277
702,0277
703,0277
704,0278
705,0278
706,0278
707,0278
708,0281
709,0281
710,0281
711,0281
712,0281
713,0282
714,0282
715,0282
716,0283
717,0283
718,0284
719,0284
720,0284
721,0284
722,0285
723,0285
724,0286
725,0286
726,0286
727,0286
728,0287
729,0287
730,0287
731,0288
732,0288
733,0288
734,0288
735,0290
736,0290
737,0290
738,0291
739,0292
740,0292
741,0293
742,0293
743,0293
744,0294
745,0294
746,0295
747,0295
748,0295
749,0295
750,0295
751,0296
752,0296
753,0297
754,0297
755,0298
756,0298
757,0298
758,0298
759,0299
760,0300
761,0300
762,0301
763,0301
764,0302
765,0302
766,0302
767,0303
768,0303
769,0303
770,0303
771,0304
772,0304
773,0304
774,0304
775,0305
776,0305
777,0305
778,0305
779,0305
780,0306
781,0306
782,0306
783,0307
784,0307
785,0308
786,0308
787,0308
788,0309
789,0309
790,0309
791,0310
792,0310
793,0311
794,0311
795,0312
796,0312
797,0313
798,0313
799,0313
800,0313
801,0313
802,0314
803,0314
804,0314
805,0314
806,0315
807,0315
808,0315
809,0318
810,0319
811,0319
812,0319
813,0319
814,0320
815,0320
816,0320
817,0320
818,0321
819,0321
820,0321
821,0322
822,0322
823,0322
824,0323
825,0323
826,0323
827,0324
828,0324
829,0324
830,0325
831,0325
832,0325
833,0325
834,0326
835,0326
836,0326
837,0327
838,0327
839,0327
840,0327
841,0327
842,0328
843,0328
844,0328
845,0328
846,0328
847,0329
848,0329
849,0329
850,0329
851,0330
852,0330
853,0330
854,0330
855,0331
856,0331
857,0332
858,0332
859,0333
860,0333
861,0333
862,0333
863,0334
864,0335
865,0335
866,0336
867,0336
868,0336
869,0336
870,0336
871,0337
872,0337
873,0338
874,0338
875,0338
876,0339
877,0339
878,0340
879,0340
880,0341
881,0341
882,0341
883,0342
884,0343
885,0344
886,0344
887,0345
888,0345
889,0345
890,0346
891,0347
892,0347
893,0347
894,0348
895,0348
896,0349
897,0349
898,0350
899,0350
900,0351
901,0351
902,0352
903,0352
904,0353
905,0353
906,0354
907,0354
908,0354
909,0354
910,0355
911,0355
912,0355
913,0355
914,0356
915,0356
916,0356
917,0357
918,0357
919,0357
920,0358
921,0358
922,0359
923,0359
924,0359
925,0360
926,0360
927,0361
928,0361
929,0361
930,0362
931,0362
932,0363
933,0363
934,0363
935,0364
936,0364
937,0365
938,0365
939,0365
940,0365
941,0366
942,0366
943,0367
944,0367
945,0367
946,0367
947,0367
948,0368
949,0368
950,0368
951,0368
952,0369
953,0369
954,0369
955,0369
956,0369
957,0370
958,0370
959,0371
960,0371
961,0371
962,0372
963,0372
964,0373
965,0373
966,0373
967,0373
968,0374
969,0374
970,0374
971,0375
972,0375
973,0376
974,0376
975,0377
976,0377
977,0378
978,0378
979,0379
980,0379
981,0380
982,0380
983,0380
984,0380
985,0381
986,0381
987,0381
