1,0001
2,0002
3,0002
4,0003
5,0003
6,0004
7,0006
8,0006
9,0006
10,0007
11,0007
12,0008
13,0008
14,0008
15,0009
16,0009
17,0009
18,0009
19,0009
20,0009
21,0010
22,0010
23,0011
24,0011
25,0011
26,0013
27,0013
28,0013
29,0014
30,0014
31,0015
32,0015
33,0016
34,0016
35,0016
36,0016
37,0017
38,0017
39,0017
40,0017
41,0017
42,0018
43,0018
44,0018
45,0018
46,0018
47,0018
48,0019
49,0019
50,0019
51,0019
52,0020
53,0020
54,0020
55,0020
56,0021
57,0022
58,0023
59,0024
60,0024
61,0025
62,0026
63,0026
64,0026
65,0027
66,0027
67,0028
68,0028
69,0028
70,0029
71,0029
72,0029
73,0030
74,0031
75,0031
76,0031
77,0032
78,0032
79,0033
80,0034
81,0034
82,0034
83,0035
84,0035
85,0036
86,0037
87,0038
88,0038
89,0039
90,0040
91,0041
92,0041
93,0041
94,0042
95,0043
96,0043
97,0043
98,0044
99,0044
100,0044
101,0044
102,0045
103,0045
104,0045
105,0045
106,0046
107,0047
108,0048
109,0048
110,0049
111,0049
112,0050
113,0051
114,0051
115,0051
116,0052
117,0052
118,0053
119,0053
120,0054
121,0054
122,0055
123,0055
124,0056
125,0057
126,0057
127,0057
128,0057
129,0058
130,0059
131,0059
132,0060
133,0060
134,0061
135,0061
136,0061
137,0061
138,0061
139,0062
140,0062
141,0062
142,0062
143,0063
144,0063
145,0063
146,0064
147,0065
148,0065
149,0066
150,0066
151,0067
152,0067
153,0067
154,0068
155,0068
156,0068
157,0069
158,0069
159,0070
160,0070
161,0071
162,0071
163,0071
164,0072
165,0072
166,0073
167,0073
168,0074
169,0075
170,0075
171,0076
172,0076
173,0076
174,0077
175,0078
176,0078
177,0078
178,0079
179,0079
180,0080
181,0080
182,0080
183,0081
184,0081
185,0081
186,0081
187,0082
188,0082
189,0083
190,0083
191,0084
192,0084
193,0085
194,0086
195,0086
196,0087
197,0087
198,0087
199,0088
200,0088
201,0089
202,0090
203,0091
204,0091
205,0092
206,0093
207,0093
208,0094
209,0095
210,0096
211,0096
212,0097
213,0098
214,0098
215,0099
216,0100
217,0100
218,0101
219,0102
220,0102
221,0102
222,0103
223,0103
224,0104
225,0105
226,0105
227,0106
228,0107
229,0107
230,0108
231,0108
232,0109
233,0109
234,0109
235,0110
236,0110
237,0110
238,0111
239,0111
240,0111
241,0112
242,0112
243,0113
244,0114
245,0114
246,0115
247,0116
248,0116
249,0117
250,0117
251,0117
252,0118
253,0118
254,0118
255,0118
256,0118
257,0119
258,0119
259,0120
260,0121
261,0121
262,0121
263,0122
264,0122
265,0123
266,0123
267,0124
268,0124
269,0124
270,0124
271,0127
272,0127
273,0128
274,0128
275,0128
276,0129
277,0129
278,0129
279,0129
280,0129
281,0130
282,0131
283,0131
284,0132
285,0132
286,0133
287,0133
288,0133
289,0134
290,0135
291,0135
292,0136
293,0137
294,0137
295,0138
296,0138
297,0139
298,0139
299,0140
300,0140
301,0141
302,0142
303,0143
304,0144
305,0144
306,0145
307,0146
308,0146
309,0147
310,0148
311,0148
312,0148
313,0149
314,0149
315,0149
316,0149
317,0149
318,0150
319,0150
320,0151
321,0151
322,0152
323,0153
324,0153
325,0153
326,0154
327,0154
328,0154
329,0155
330,0155
331,0156
332,0156
333,0156
334,0157
335,0158
336,0158
337,0158
338,0159
339,0159
340,0160
341,0160
342,0160
343,0161
344,0161
345,0161
346,0161
347,0161
348,0162
349,0162
350,0163
351,0163
352,0163
353,0164
354,0164
355,0165
356,0166
357,0167
358,0167
359,0167
360,0168
361,0169
362,0170
363,0171
364,0172
365,0173
366,0174
367,0174
368,0175
369,0175
370,0176
371,0176
372,0177
373,0177
374,0178
375,0178
376,0179
377,0180
378,0180
379,0181
380,0182
381,0182
382,0182
383,0183
384,0184
385,0185
386,0185
387,0186
388,0186
389,0187
390,0188
391,0189
392,0189
393,0189
394,0189
395,0190
396,0190
397,0190
398,0190
399,0191
400,0192
401,0193
402,0193
403,0193
404,0194
405,0194
406,0194
407,0194
408,0195
409,0195
410,0195
411,0196
412,0196
413,0196
414,0197
415,0197
416,0197
417,0197
418,0198
419,0198
420,0198
421,0199
422,0199
423,0199
424,0200
425,0200
426,0200
427,0201
428,0201
429,0201
430,0201
431,0202
432,0202
433,0202
434,0202
435,0203
436,0203
437,0203
438,0203
439,0203
440,0204
441,0204
442,0204
443,0205
444,0205
445,0205
446,0206
447,0206
448,0206
449,0207
450,0207
451,0208
452,0208
453,0209
454,0209
455,0209
456,0210
457,0210
458,0211
459,0211
460,0212
461,0213
462,0213
463,0214
464,0214
465,0215
466,0215
467,0216
468,0217
469,0218
470,0219
471,0219
472,0220
473,0221
474,0222
475,0223
476,0223
477,0223
478,0223
479,0224
480,0224
481,0224
482,0225
483,0225
484,0226
485,0226
486,0227
487,0227
488,0227
489,0228
490,0228
491,0229
492,0229
493,0229
494,0230
495,0230
496,0231
497,0231
498,0232
499,0232
500,0232
501,0232
502,0232
503,0233
504,0233
505,0233
506,0233
507,0234
508,0234
509,0234
510,0234
511,0234
512,0234
513,0235
514,0235
515,0235
516,0235
517,0235
518,0236
519,0236
520,0236
521,0236
522,0236
523,0236
524,0236
525,0236
526,0238
527,0238
528,0238
529,0238
530,0238
531,0239
532,0239
533,0239
534,0239
535,0239
536,0240
537,0240
538,0241
539,0241
540,0241
541,0241
542,0241
543,0241
544,0242
545,0244
546,0245
547,0245
548,0246
549,0246
550,0247
551,0248
552,0249
553,0250
554,0251
555,0252
556,0252
557,0253
558,0253
559,0254
560,0254
561,0254
562,0254
563,0254
564,0254
565,0254
566,0254
567,0255
568,0255
569,0255
570,0255
571,0255
572,0255
573,0256
574,0256
575,0256
576,0256
577,0256
578,0256
579,0256
580,0257
581,0257
582,0257
583,0257
584,0257
585,0257
586,0257
587,0258
588,0258
589,0258
590,0258
591,0258
592,0258
593,0258
594,0258
595,0258
596,0259
597,0259
598,0259
599,0259
600,0259
601,0259
602,0259
603,0259
604,0260
605,0260
606,0260
607,0261
608,0261
609,0261
610,0261
611,0261
612,0261
613,0261
614,0262
615,0262
616,0263
617,0263
618,0264
619,0264
620,0264
621,0264
622,0265
623,0265
624,0265
625,0265
626,0266
627,0267
628,0268
629,0269
630,0269
631,0270
632,0272
633,0272
634,0272
635,0272
636,0272
637,0273
638,0274
639,0274
640,0275
641,0275
642,0276
643,0277
644,0277
645,0277
646,0278
647,0278
648,0278
649,0279
650,0280
651,0280
652,0281
653,0281
654,0283
655,0284
656,0289
657,0290
658,0292
659,0292
660,0296
661,0297
662,0297
663,0298
664,0299
665,0299
666,0300
667,0301
668,0301
669,0301
670,0301
671,0301
672,0302
673,0303
674,0304
675,0304
676,0304
677,0304
678,0304
679,0305
680,0306
681,0307
682,0308
683,0308
684,0309
685,0310
686,0311
687,0311
688,0312
689,0313
690,0313
691,0313
692,0314
693,0314
694,0314
695,0314
696,0315
697,0316
698,0317
699,0318
700,0319
701,0320
702,0321
703,0322
704,0323
705,0323
706,0324
707,0325
708,0326
709,0327
710,0327
711,0328
712,0329
713,0330
714,0331
715,0331
716,0332
717,0333
718,0334
719,0334
720,0335
721,0336
722,0336
723,0336
724,0337
725,0338
726,0338
727,0338
728,0339
729,0339
730,0340
731,0341
732,0341
733,0341
734,0341
735,0341
736,0342
737,0343
738,0344
739,0344
740,0344
741,0345
742,0346
743,0346
744,0347
745,0347
746,0348
747,0348
748,0348
749,0349
750,0349
751,0349
752,0350
753,0350
754,0351
755,0352
756,0353
757,0354
758,0354
759,0355
760,0356
761,0356
762,0357
763,0358
764,0358
765,0359
766,0360
767,0360
768,0361
769,0362
770,0362
771,0363
772,0363
773,0364
774,0365
775,0365
776,0366
777,0366
778,0367
779,0368
780,0369
781,0370
782,0371
783,0371
784,0372
785,0373
786,0374
787,0375
788,0375
789,0376
790,0377
791,0378
792,0378
793,0379
794,0380
795,0381
796,0381
797,0382
798,0383
799,0383
800,0384
801,0385
802,0385
803,0386
804,0387
805,0387
806,0388
807,0389
808,0389
809,0390
810,0390
811,0391
812,0392
813,0392
814,0393
815,0394
816,0394
817,0395
818,0396
819,0397
820,0397
821,0398
822,0399
823,0400
824,0400
825,0401
826,0402
827,0403
828,0404
829,0404
830,0405
831,0406
832,0407
833,0407
834,0408
835,0409
836,0410
837,0410
838,0411
839,0412
840,0413
841,0413
842,0414
843,0415
844,0416
845,0417
846,0417
847,0418
848,0419
849,0420
850,0420
851,0421
852,0422
853,0423
854,0423
855,0424
856,0425
857,0426
858,0426
859,0427
860,0428
861,0429
862,0429
863,0430
864,0431
865,0432
866,0432
867,0433
868,0434
869,0435
870,0436
871,0437
872,0437
873,0438
874,0439
875,0440
876,0440
877,0441
878,0442
879,0443
880,0444
881,0444
882,0445
883,0446
884,0447
885,0448
886,0448
887,0449
888,0450
889,0451
890,0451
891,0452
892,0453
893,0453
894,0454
895,0455
896,0456
897,0456
898,0457
899,0458
900,0459
901,0460
902,0461
903,0461
904,0462
905,0463
906,0464
907,0464
908,0465
909,0466
910,0466
911,0467
912,0468
913,0469
914,0469
915,0470
916,0471
917,0471
918,0472
919,0473
920,0473
921,0474
922,0475
923,0476
924,0476
925,0477
926,0478
927,0478
928,0479
929,0480
930,0480
931,0481
932,0482
933,0483
934,0483
935,0484
936,0485
937,0486
938,0487
939,0487
940,0488
941,0489
942,0490
943,0490
944,0491
945,0492
946,0493
947,0493
948,0494
949,0495
950,0502
951,0503
952,0504
953,0504
954,0505
955,0505
956,0506
957,0507
958,0512
959,0513
960,0521
961,0522
962,0522
963,0523
964,0524
965,0524
966,0525
967,0526
968,0527
969,0528
970,0529
971,0529
972,0530
973,0531
974,0532
975,0533
976,0533
977,0534
978,0535
979,0535
980,0536
981,0537
982,0538
983,0539
984,0540
985,0541
986,0542
987,0542
988,0543
989,0544
990,0545
991,0546
992,0547
993,0547
994,0548
995,0549
996,0550
997,0550
998,0551
999,0552
1000,0553
1001,0553
1002,0554
1003,0555
1004,0556
1005,0556
1006,0557
1007,0558
1008,0558
1009,0559
1010,0560
1011,0561
1012,0562
1013,0562
1014,0563
1015,0563
1016,0564
1017,0564
1018,0564
1019,0565
1020,0565
1021,0565
1022,0565
1023,0566
1024,0567
1025,0567
1026,0568
1027,0568
1028,0569
1029,0570
1030,0570
1031,0571
1032,0572
1033,0573
1034,0573
1035,0574
1036,0574
1037,0575
1038,0576
1039,0577
1040,0577
1041,0578
1042,0579
1043,0579
1044,0580
1045,0581
1046,0582
1047,0583
1048,0583
1049,0584
1050,0585
1051,0585
1052,0586
1053,0586
1054,0586
1055,0587
1056,0588
1057,0589
1058,0589
1059,0590
1060,0591
1061,0591
1062,0592
1063,0592
1064,0593
1065,0593
1066,0593
1067,0593
1068,0594
1069,0594
1070,0594
1071,0595
1072,0595
1073,0595
1074,0595
1075,0596
1076,0596
1077,0596
1078,0596
1079,0597
1080,0597
1081,0597
1082,0597
1083,0597
1084,0598
1085,0598
1086,0598
1087,0598
1088,0600
1089,0600
1090,0600
1091,0600
1092,0600
1093,0600
1094,0601
1095,0601
1096,0601
1097,0601
1098,0601
1099,0601
1100,0602
1101,0602
1102,0602
1103,0602
1104,0602
1105,0602
1106,0603
1107,0603
1108,0603
1109,0604
1110,0604
1111,0604
1112,0605
1113,0605
1114,0605
1115,0606
1116,0606
1117,0606
1118,0606
1119,0607
1120,0607
1121,0607
1122,0608
1123,0608
1124,0608
1125,0608
1126,0609
1127,0609
1128,0610
1129,0611
1130,0612
1131,0612
1132,0613
1133,0613
1134,0614
1135,0615
1136,0615
1137,0616
1138,0617
1139,0617
1140,0617
1141,0618
1142,0618
1143,0618
1144,0618
1145,0619
1146,0619
1147,0619
1148,0620
1149,0620
1150,0621
1151,0622
1152,0622
1153,0622
1154,0623
1155,0623
1156,0623
1157,0624
1158,0624
1159,0625
1160,0625
1161,0625
1162,0626
1163,0626
1164,0627
1165,0627
1166,0627
1167,0627
1168,0627
1169,0628
1170,0628
1171,0629
1172,0630
1173,0630
1174,0630
1175,0631
1176,0631
1177,0632
1178,0632
1179,0632
1180,0632
1181,0633
1182,0633
1183,0633
1184,0633
1185,0634
1186,0634
1187,0634
1188,0634
1189,0634
1190,0635
1191,0635
1192,0635
1193,0636
1194,0636
1195,0637
1196,0637
1197,0638
1198,0638
1199,0638
1200,0639
1201,0639
1202,0639
1203,0640
1204,0640
1205,0640
1206,0641
1207,0641
1208,0641
1209,0642
1210,0642
1211,0643
1212,0643
1213,0645
1214,0645
1215,0646
1216,0646
1217,0648
1218,0648
1219,0648
1220,0648
1221,0649
1222,0649
1223,0649
1224,0649
1225,0649
1226,0649
1227,0649
1228,0649
1229,0650
1230,0651
1231,0652
1232,0653
1233,0653
1234,0654
1235,0654
1236,0654
1237,0654
1238,0655
1239,0656
1240,0656
1241,0656
1242,0657
1243,0657
1244,0657
1245,0657
1246,0658
1247,0658
1248,0658
1249,0658
1250,0658
1251,0659
1252,0659
1253,0659
1254,0659
1255,0659
1256,0660
1257,0660
1258,0660
1259,0660
1260,0660
1261,0660
1262,0661
1263,0661
1264,0661
1265,0662
1266,0662
1267,0663
1268,0664
1269,0664
1270,0664
1271,0665
1272,0666
1273,0666
1274,0666
1275,0666
1276,0666
1277,0666
1278,0666
1279,0667
1280,0667
1281,0667
1282,0668
1283,0669
1284,0669
1285,0669
1286,0669
1287,0670
1288,0670
1289,0670
1290,0670
1291,0670
1292,0671
1293,0671
1294,0671
1295,0671
1296,0671
1297,0671
1298,0671
1299,0672
1300,0672
1301,0672
1302,0673
1303,0674
1304,0674
1305,0674
1306,0675
1307,0675
1308,0676
1309,0676
1310,0677
1311,0678
1312,0678
1313,0678
1314,0679
1315,0680
1316,0680
1317,0680
1318,0681
1319,0681
1320,0681
1321,0682
1322,0682
1323,0682
1324,0682
1325,0683
1326,0683
1327,0683
1328,0684
1329,0684
1330,0685
1331,0685
1332,0685
1333,0685
1334,0685
1335,0686
1336,0686
1337,0686
1338,0686
1339,0687
1340,0687
1341,0689
1342,0689
1343,0690
1344,0690
1345,0690
1346,0690
1347,0691
1348,0691
1349,0692
1350,0692
1351,0693
1352,0693
1353,0693
1354,0693
1355,0694
1356,0694
1357,0694
1358,0695
1359,0696
1360,0697
1361,0698
1362,0699
1363,0700
1364,0700
1365,0701
1366,0701
1367,0701
1368,0702
1369,0702
1370,0702
1371,0702
1372,0703
1373,0703
1374,0703
1375,0703
1376,0704
1377,0705
1378,0705
1379,0706
1380,0707
1381,0708
1382,0708
1383,0708
1384,0708
1385,0708
1386,0708
1387,0709
1388,0709
1389,0710
1390,0710
1391,0710
1392,0710
1393,0711
1394,0711
1395,0711
1396,0711
1397,0711
1398,0712
1399,0712
1400,0713
1401,0713
1402,0714
1403,0715
1404,0715
1405,0716
1406,0717
1407,0717
1408,0718
1409,0718
1410,0719
1411,0719
1412,0719
1413,0720
1414,0720
1415,0721
1416,0721
1417,0722
1418,0722
1419,0723
1420,0723
1421,0724
1422,0724
1423,0724
1424,0724
1425,0724
1426,0725
1427,0726
1428,0726
1429,0726
1430,0726
1431,0726
1432,0726
1433,0727
1434,0728
1435,0728
1436,0729
1437,0729
1438,0730
1439,0730
1440,0731
1441,0731
1442,0731
1443,0731
1444,0732
1445,0732
1446,0732
1447,0732
1448,0732
1449,0732
1450,0733
1451,0733
1452,0734
1453,0734
1454,0734
1455,0735
1456,0736
1457,0737
1458,0737
1459,0738
1460,0738
1461,0739
1462,0739
1463,0740
1464,0741
1465,0741
1466,0742
1467,0742
1468,0743
1469,0743
1470,0745
1471,0745
1472,0746
1473,0746
1474,0746
1475,0747
1476,0747
1477,0747
1478,0747
1479,0747
1480,0748
1481,0748
1482,0748
1483,0748
1484,0749
1485,0749
1486,0750
1487,0750
1488,0750
1489,0751
1490,0751
1491,0752
1492,0752
1493,0752
1494,0753
1495,0753
1496,0753
1497,0753
1498,0753
1499,0754
1500,0754
1501,0754
1502,0754
1503,0754
1504,0755
1505,0755
1506,0755
1507,0755
1508,0755
1509,0756
1510,0756
1511,0756
1512,0756
1513,0757
1514,0757
1515,0757
1516,0757
1517,0757
1518,0757
1519,0758
1520,0758
1521,0758
1522,0758
1523,0759
1524,0759
1525,0760
1526,0760
1527,0760
1528,0760
1529,0761
1530,0761
1531,0762
1532,0762
1533,0762
1534,0763
1535,0763
1536,0763
1537,0763
1538,0764
1539,0764
1540,0764
1541,0764
1542,0764
1543,0764
1544,0765
1545,0765
1546,0765
1547,0765
1548,0765
1549,0766
1550,0766
1551,0766
1552,0766
1553,0766
1554,0766
1555,0767
1556,0767
1557,0767
1558,0767
1559,0767
1560,0768
1561,0768
1562,0768
1563,0768
1564,0768
1565,0769
1566,0769
1567,0769
1568,0769
1569,0769
1570,0769
1571,0770
1572,0770
1573,0770
1574,0770
1575,0770
1576,0770
1577,0771
1578,0771
1579,0771
1580,0771
1581,0771
1582,0771
1583,0772
1584,0772
1585,0772
1586,0772
1587,0772
1588,0772
1589,0773
1590,0773
1591,0773
1592,0773
1593,0773
1594,0773
1595,0773
1596,0774
1597,0774
1598,0774
1599,0775
1600,0775
1601,0775
1602,0775
1603,0775
1604,0776
1605,0776
1606,0776
1607,0777
1608,0778
1609,0778
1610,0778
1611,0779
1612,0779
1613,0780
1614,0780
1615,0780
1616,0780
1617,0780
1618,0781
1619,0781
1620,0781
1621,0782
1622,0782
1623,0782
1624,0782
1625,0783
1626,0783
1627,0784
1628,0784
1629,0784
1630,0784
1631,0785
1632,0786
1633,0786
1634,0786
1635,0786
1636,0786
1637,0786
1638,0786
1639,0786
1640,0787
1641,0787
1642,0787
1643,0787
1644,0787
1645,0787
1646,0787
1647,0787
1648,0787
1649,0787
1650,0788
1651,0788
1652,0788
1653,0788
1654,0788
1655,0788
1656,0788
1657,0789
1658,0789
1659,0790
1660,0791
1661,0792
1662,0792
1663,0793
1664,0793
1665,0793
1666,0793
1667,0793
1668,0794
1669,0794
1670,0794
1671,0794
1672,0795
1673,0795
1674,0795
1675,0795
1676,0795
1677,0796
1678,0796
1679,0797
1680,0797
1681,0797
1682,0797
1683,0797
1684,0798
1685,0798
1686,0798
1687,0799
1688,0799
1689,0799
1690,0799
1691,0799
1692,0800
1693,0800
1694,0800
1695,0800
1696,0800
1697,0801
1698,0801
1699,0801
1700,0802
1701,0802
1702,0802
1703,0802
1704,0803
1705,0803
1706,0803
1707,0803
1708,0804
1709,0804
1710,0804
1711,0804
1712,0804
1713,0804
1714,0804
1715,0805
1716,0805
1717,0805
1718,0805
1719,0806
1720,0806
1721,0806
1722,0806
1723,0806
1724,0806
1725,0807
1726,0807
1727,0807
1728,0807
1729,0807
1730,0808
1731,0808
1732,0808
1733,0808
1734,0809
1735,0809
1736,0809
1737,0809
1738,0810
1739,0810
1740,0810
1741,0810
1742,0811
1743,0811
1744,0811
1745,0811
1746,0812
1747,0812
1748,0812
1749,0813
1750,0813
1751,0814
1752,0814
1753,0814
1754,0814
1755,0814
1756,0815
1757,0815
1758,0815
1759,0815
1760,0815
1761,0815
1762,0815
1763,0815
1764,0815
1765,0815
1766,0817
1767,0817
