1,0001
2,0002
3,0005
4,0007
5,0008
6,0008
7,0009
8,0009
9,0010
10,0014
11,0015
12,0015
13,0016
14,0016
15,0017
16,0018
17,0018
18,0019
19,0019
20,0020
21,0021
22,0021
23,0022
24,0022
25,0026
26,0028
27,0029
28,0029
29,0030
30,0030
31,0031
32,0031
33,0032
34,0032
35,0033
36,0033
37,0034
38,0034
39,0035
40,0035
41,0036
42,0036
43,0037
44,0037
45,0038
46,0038
47,0039
48,0039
49,0040
50,0040
51,0041
52,0041
53,0042
54,0042
55,0043
56,0043
57,0044
58,0044
59,0045
60,0045
61,0046
62,0046
63,0047
64,0047
65,0048
66,0048
67,0049
68,0049
69,0050
70,0050
71,0051
72,0051
73,0052
74,0052
65,0053
76,0053
77,0054
78,0054
79,0055
80,0055
81,0056
82,0056
83,0057
84,0057
85,0058
86,0058
87,0059
88,0059
89,0060
90,0060
91,0061
92,0061
93,0062
94,0062
95,0063
96,0063
97,0064
98,0064
99,0065
100,0065
101,0066
102,0066
103,0067
104,0067
105,0068
106,0068
107,0069
108,0069
109,0070
110,0070
111,0071
112,0071
113,0072
114,0072
115,0072
116,0073
118,0074
119,0074
120,0075
121,0075
122,0076
123,0076
124,0077
125,0077
126,0078
127,0078
128,0079
129,0079
130,0080
131,0080
132,0081
133,0081
134,0082
135,0082
136,0083
137,0083
138,0084
139,0084
140,0085
141,0085
142,0086
143,0086
144,0087
145,0087
146,0088
147,0088
148,0089
149,0089
150,0090
151,0090
152,0091
153,0091
144,0092
155,0092
156,0093
157,0093
158,0094
159,0094
160,0095
161,0095
162,0095
163,0096
164,0096
165,0097
166,0098
167,0098
168,0098
169,0099
170,0099
171,0100
172,0100
173,0101
174,0101
175,0102
176,0102
177,0103
178,0103
179,0104
180,0104
181,0105
182,0105
183,0106
184,0106
185,0107
186,0107
187,0108
188,0108
189,0109
190,0109
191,0110
192,0110
193,0111
198,0111
195,0112
196,0112
197,0113
198,0113
199,0114
200,0114
201,0115
202,0115
203,0116
204,0116
205,0117
206,0117
207,0118
208,0118
209,0119
210,0119
211,0120
212,0120
213,0121
212,0121
215,0122
216,0122
217,0123
218,0123
269,0124
220,0124
221,0125
222,0125
223,0126
224,0126
225,0127
226,0127
227,0128
228,0128
229,0129
230,0129
231,0129
232,0130
233,0130
234,0131
235,0131
236,0132
237,0132
238,0133
239,0133
240,0134
281,0134
242,0135
243,0136
244,0137
245,0137
246,0137
247,0138
248,0138
249,0139
250,0139
251,0139
252,0139
253,0139
254,0140
255,0140
256,0140
257,0140
258,0140
259,0140
260,0141
261,0141
262,0141
263,0141
264,0141
265,0141
266,0141
267,0142
268,0142
269,0142
270,0142
271,0142
272,0142
273,0142
374,0143
275,0143
276,0143
277,0143
278,0143
279,0143
280,0143
281,0143
282,0144
283,0144
284,0144
285,0144
286,0144
287,0144
288,0144
289,0144
290,0145
291,0145
292,0145
293,0145
294,0146
295,0146
296,0146
297,0146
298,0146
299,0146
300,0146
301,0146
302,0147
303,0147
304,0147
305,0147
306,0147
307,0147
308,0147
309,0148
310,0148
311,0148
312,0148
313,0148
314,0148
315,0148
316,0149
317,0149
318,0149
319,0149
320,0149
321,0149
322,0149
323,0149
324,0150
325,0150
326,0150
327,0150
328,0150
329,0150
330,0150
331,0151
332,0151
333,0151
334,0151
335,0151
336,0151
337,0151
338,0152
339,0152
340,0152
341,0152
342,0152
343,0152
344,0152
345,0152
346,0152
347,0153
348,0153
349,0153
350,0153
351,0153
352,0153
353,0154
354,0154
355,0154
356,0154
357,0154
358,0154
359,0154
360,0154
361,0155
362,0155
363,0155
364,0155
365,0155
366,0155
367,0155
368,0155
369,0156
370,0156
371,0156
372,0156
373,0156
374,0156
375,0157
376,0157
377,0157
378,0157
379,0157
380,0157
381,0157
382,0157
383,0158
384,0158
385,0158
386,0158
387,0159
388,0159
389,0159
390,0160
391,0160
392,0160
393,0160
394,0160
395,0160
396,0160
397,0160
398,0160
399,0161
400,0161
401,0161
402,0161
403,0161
404,0161
405,0161
406,0161
407,0161
408,0162
409,0162
410,0162
411,0162
412,0162
413,0162
414,0162
415,0162
416,0162
417,0163
418,0163
419,0163
420,0163
421,0163
422,0163
423,0163
424,0163
425,0163
426,0163
427,0164
428,0164
429,0164
430,0164
431,0164
432,0164
433,0164
434,0164
435,0164
436,0164
437,0165
438,0165
439,0165
440,0165
441,0165
442,0165
443,0165
444,0165
445,0165
446,0165
447,0166
448,0166
449,0166
450,0166
451,0166
452,0166
453,0166
454,0166
455,0166
456,0166
457,0167
458,0167
459,0167
460,0167
461,0167
462,0167
463,0168
464,0169
465,0169
466,0170
467,0170
468,0172
469,0172
470,0175
471,0175
472,0176
473,0177
474,0179
475,0179
476,0180
477,0181
478,0181
479,0182
480,0182
481,0183
482,0184
483,0184
484,0185
485,0186
486,0186
487,0187
488,0187
489,0188
490,0188
491,0189
492,0189
493,0189
494,0189
495,0190
496,0190
497,0190
498,0190
499,0190
500,0190
501,0191
502,0191
503,0191
504,0191
505,0191
506,0192
507,0193
508,0193
509,0194
510,0194
511,0197
512,0198
513,0201
514,0202
515,0203
516,0203
517,0204
518,0204
519,0206
520,0206
521,0207
522,0207
523,0208
524,0209
525,0209
526,0210
527,0211
528,0211
529,0212
530,0212
531,0213
532,0213
533,0214
534,0214
235,0215
536,0215
537,0216
538,0217
539,0217
540,0218
541,0218
542,0218
543,0219
544,0219
545,0220
546,0220
547,0221
548,0221
549,0222
550,0222
551,0223
552,0224
553,0224
554,0225
555,0225
556,0226
557,0226
558,0227
559,0227
560,0228
561,0228
562,0229
563,0229
564,0230
565,0230
566,0231
567,0231
568,0232
569,0232
570,0233
571,0233
572,0234
573,0234
574,0235
575,0235
576,0236
577,0236
578,0237
579,0237
580,0238
581,0238
582,0239
583,0240
584,0240
585,0240
586,0241
587,0241
588,0242
589,0243
590,0243
591,0244
592,0244
593,0245
594,0245
595,0246
596,0246
597,0247
598,0247
598,0248
600,0248
601,0249
602,0249
603,0250
604,0250
605,0251
606,0251
607,0252
608,0252
609,0253
610,0253
611,0254
612,0254
613,0255
614,0256
615,0256
616,0257
617,0257
618,0258
619,0259
620,0259
621,0260
622,0260
623,0261
624,0261
625,0262
626,0263
627,0263
628,0264
629,0264
630,0265
631,0265
632,0266
633,0266
634,0266
635,0267
636,0267
637,0268
638,0269
639,0270
640,0270
641,0271
642,0271
643,0272
644,0272
645,0273
646,0273
647,0274
648,0274
649,0275
650,0275
651,0276
652,0276
653,0276
654,0277
655,0277
656,0277
657,0277
658,0277
659,0278
660,0278
661,0278
662,0278
663,0278
664,0279
665,0279
666,0279
667,0279
668,0279
669,0279
670,0279
671,0280
672,0280
673,0280
674,0280
675,0280
676,0280
677,0280
678,0281
679,0281
680,0281
681,0281
682,0281
683,0281
684,0281
685,0282
686,0282
687,0282
688,0282
689,0282
690,0282
691,0282
692,0283
693,0283
694,0283
695,0283
696,0283
697,0283
698,0283
699,0283
700,0284
701,0284
702,0284
703,0284
704,0284
705,0284
706,0284
707,0285
708,0285
709,0285
710,0285
711,0285
712,0285
713,0285
714,0285
715,0286
716,0286
717,0286
718,0286
719,0286
720,0286
721,0286
722,0286
723,0287
724,0287
725,0287
726,0287
727,0287
728,0287
729,0287
730,0287
731,0288
732,0288
733,0288
734,0288
735,0288
736,0288
737,0288
738,0288
739,0289
790,0289
741,0289
742,0289
743,0289
744,0289
745,0289
746,0290
747,0290
748,0290
749,0290
750,0290
751,0290
752,0291
753,0291
754,0291
755,0291
756,0291
757,0291
758,0291
759,0292
760,0292
761,0292
762,0292
663,0292
764,0292
765,0292
766,0292
767,0292
768,0293
769,0293
770,0293
771,0293
772,0293
773,0293
774,0293
775,0293
776,0294
777,0294
778,0294
779,0294
780,0295
781,0295
782,0295
783,0296
784,0296
785,0296
786,0296
787,0297
788,0298
789,0299
790,0300
791,0301
792,0301
793,0302
794,0303
795,0304
796,0304
797,0305
798,0306
799,0306
800,0307
901,0308
802,0308
804,0309
805,0310
806,0310
807,0311
808,0311
809,0311
810,0311
811,0312
812,0312
813,0312
814,0312
815,0312
816,0313
817,0313
818,0313
819,0313
820,0314
821,0315
822,0315
823,0316
824,0316
825,0318
826,0326
827,0328
828,0329
829,0333
830,0335
831,0337
832,0339
833,0341
834,0342
835,0343
836,0344
837,0345
838,0345
839,0345
840,0346
841,0368
842,0368
843,0368
844,0368
885,0369
846,0369
847,0369
848,0369
849,0370
850,0370
851,0370
852,0370
853,0371
854,0371
855,0375
856,0378
857,0380
858,0381
859,0381
860,0382
861,0392
862,0392
863,0392
864,0393
865,0393
866,0393
867,0394
868,0395
869,0396
870,0397
871,0398
872,0399
873,0401
874,0404
875,0405
876,0405
877,0406
878,0408
879,0409
880,0410
881,0411
882,0412
883,0412
884,0413
885,0413
886,0414
887,0415
888,0416
889,0417
890,0417
891,0418
892,0419
893,0420
894,0421
895,0423
896,0423
897,0424
898,0425
499,0425
900,0426
901,0426
902,0428
903,0428
904,0430
905,0434
906,0434
907,0435
908,0436
909,0436
910,0437
911,0437
912,0438
913,0439
914,0439
915,0440
916,0441
917,0442
918,0442
919,0442
920,0442
921,0443
922,0443
923,0443
924,0443
925,0443
926,0444
927,0444
928,0444
929,0444
930,0444
931,0444
932,0445
933,0445
934,0445
935,0445
936,0445
937,0446
938,0446
939,0446
940,0446
941,0450
942,0451
943,0452
944,0453
945,0454
986,0454
947,0455
948,0456
949,0457
950,0457
951,0458
952,0459
953,0460
954,0462
955,0463
956,0464
957,0465
958,0466
959,0466
960,0466
961,0467
962,0467
963,0472
964,0474
965,0475
966,0476
967,0477
968,0478
969,0480
970,0480
971,0481
972,0481
973,0482
974,0482
975,0484
976,0485
977,0485
978,0486
979,0487
980,0490
981,0493
982,0494
983,0496
984,0498
985,0498
986,0498
987,0499
988,0501
989,0501
990,0504
991,0504
992,0505
993,0505
994,0509
995,0509
996,0510
997,0511
998,0511
999,0512
