2,0011
3,0011
4,0011
5,0011
6,0011
7,0012
8,0012
9,0012
10,0012
11,0012
12,0012
13,0012
14,0013
15,0013
16,0013
17,0013
18,0016
19,0016
20,0016
21,0016
22,0016
23,0016
24,0017
25,0017
26,0017
27,0018
28,0019
29,0019
30,0019
31,0019
32,0019
33,0019
34,0020
35,0020
36,0020
37,0020
38,0020
39,0020
40,0021
41,0021
42,0021
43,0021
44,0021
85,0021
46,0022
47,0022
48,0022
49,0023
50,0023
51,0023
52,0023
53,0023
54,0023
55,0024
56,0024
57,0025
58,0025
59,0025
60,0025
61,0025
62,0025
63,0026
64,0026
65,0026
66,0026
67,0026
68,0026
69,0027
70,0027
71,0027
72,0027
73,0028
74,0028
75,0028
76,0028
77,0028
78,0028
79,0029
80,0029
81,0029
82,0029
83,0029
84,0029
85,0029
86,0030
87,0030
88,0030
89,0030
90,0030
91,0030
92,0031
93,0031
94,0031
95,0031
96,0031
97,0031
98,0031
99,0032
100,0032
101,0032
102,0032
103,0032
104,0032
105,0032
106,0033
107,0033
108,0033
109,0033
110,0033
111,0033
112,0034
113,0034
114,0034
115,0034
116,0034
117,0034
118,0034
119,0035
120,0035
121,0035
122,0035
123,0035
124,0035
125,0036
126,0036
127,0036
128,0036
129,0036
130,0037
131,0037
132,0037
133,0037
134,0037
135,0037
136,0037
137,0038
138,0038
139,0038
140,0038
141,0038
142,0038
143,0039
144,0039
145,0039
146,0039
147,0039
148,0039
149,0039
150,0040
151,0040
152,0040
153,0040
154,0040
155,0041
156,0041
157,0041
158,0041
159,0041
160,0041
161,0042
162,0042
163,0042
164,0042
165,0042
166,0042
167,0046
168,0046
169,0046
170,0046
171,0046
172,0047
173,0047
174,0047
175,0053
176,0053
177,0053
178,0053
179,0054
180,0054
181,0054
182,0054
183,0055
188,0055
185,0055
186,0055
187,0059
188,0059
189,0062
190,0062
191,0063
192,0063
193,0063
194,0063
195,0063
196,0064
197,0064
198,0064
199,0064
200,0064
201,0065
202,0065
203,0065
204,0065
205,0066
206,0066
207,0067
208,0067
209,0067
210,0067
211,0067
212,0068
213,0068
214,0068
215,0068
216,0068
217,0069
218,0069
219,0069
220,0069
221,0069
222,0070
223,0070
224,0074
225,0074
226,0075
227,0075
228,0075
229,0075
230,0075
231,0076
232,0076
233,0076
234,0076
235,0076
236,0077
237,0077
238,0077
239,0077
240,0077
241,0078
282,0078
243,0078
244,0078
245,0078
246,0079
287,0079
248,0079
249,0079
250,0079
251,0080
252,0080
253,0080
254,0080
255,0080
256,0081
257,0081
258,0081
259,0081
260,0081
261,0081
262,0082
263,0082
264,0082
265,0082
266,0082
267,0083
268,0083
269,0083
270,0083
271,0083
272,0084
273,0084
274,0084
275,0084
276,0084
277,0085
278,0085
279,0085
280,0085
281,0085
282,0086
283,0086
284,0086
285,0086
286,0086
287,0087
288,0087
289,0087
290,0087
291,0087
292,0088
293,0088
294,0088
295,0088
296,0088
297,0089
298,0089
299,0089
300,0089
301,0089
302,0096
303,0096
304,0096
305,0097
306,0097
307,0097
308,0097
309,0097
310,0097
311,0098
312,0098
313,0101
314,0101
315,0102
316,0102
317,0102
318,0102
319,0102
320,0103
321,0103
322,0103
323,0103
324,0103
325,0103
326,0104
327,0104
328,0104
329,0104
330,0104
331,0104
332,0105
333,0105
334,0105
335,0105
336,0105
337,0105
338,0106
339,0106
340,0106
341,0106
382,0106
343,0106
344,0107
345,0107
386,0107
347,0107
388,0107
349,0110
350,0110
351,0110
352,0110
353,0110
354,0111
355,0111
356,0111
357,0111
358,0111
359,0112
360,0112
361,0112
362,0112
363,0112
364,0113
365,0113
366,0113
367,0113
368,0113
369,0113
370,0114
371,0114
372,0114
373,0114
374,0114
375,0114
376,0115
377,0115
378,0115
379,0115
380,0115
381,0116
382,0116
383,0116
384,0116
385,0116
386,0117
387,0117
388,0117
389,0117
390,0117
391,0118
392,0118
393,0118
394,0118
395,0118
396,0119
397,0119
398,0119
399,0119
400,0119
401,0120
402,0120
403,0120
404,0120
405,0121
406,0122
407,0122
408,0122
409,0122
410,0123
411,0123
412,0123
413,0125
414,0125
415,0125
416,0126
417,0126
418,0126
419,0126
420,0126
421,0127
422,0127
423,0127
424,0127
425,0127
426,0127
427,0128
428,0128
429,0128
430,0128
431,0128
432,0128
433,0129
434,0129
435,0129
436,0129
437,0129
438,0130
439,0130
440,0130
441,0130
442,0130
443,0131
444,0132
445,0132
446,0132
447,0133
448,0134
449,0134
450,0134
451,0135
452,0136
453,0137
454,0137
455,0137
456,0137
457,0137
458,0138
459,0138
460,0138
461,0138
462,0138
463,0139
464,0139
465,0139
466,0139
467,0139
468,0140
469,0140
470,0140
471,0140
472,0141
473,0141
474,0141
475,0141
476,0141
477,0142
478,0142
479,0142
480,0142
481,0142
482,0143
483,0143
484,0143
485,0143
486,0143
487,0144
488,0144
489,0144
490,0144
491,0145
492,0145
493,0145
494,0145
495,0146
496,0146
497,0146
498,0146
499,0146
500,0147
501,0147
502,0147
503,0147
504,0147
505,0148
506,0148
507,0148
508,0148
509,0149
510,0149
511,0149
512,0149
513,0149
514,0150
515,0150
1,0155
2,0155
3,0156
4,0157
5,0158
6,0158
7,0159
8,0162
9,0165
10,0167
11,0173
12,0175
13,0176
14,0177
15,0177
16,0178
17,0190
18,0193
19,0195
20,0197
21,0199
22,0199
23,0200
24,0201
25,0203
26,0204
27,0204
28,0206
29,0206
30,0208
31,0209
32,0210
33,0212
34,0215
35,0216
36,0217
37,0217
38,0217
39,0219
40,0220
41,0222
42,0223
43,0224
44,0225
45,0228
46,0229
47,0232
48,0234
49,0235
50,0238
51,0239
52,0240
53,0241
54,0242
55,0243
56,0244
57,0244
58,0252
59,0253
60,0254
61,0254
62,0255
63,0256
64,0256
65,0257
66,0258
67,0259
68,0260
69,0261
70,0262
71,0262
72,0263
73,0264
74,0264
75,0266
76,0266
77,0267
78,0269
79,0270
80,0270
81,0271
82,0271
83,0271
84,0275
85,0280
86,0281
87,0285
88,0286
89,0290
90,0294
91,0297
92,0302
93,0304
94,0307
95,0307
96,0310
97,0310
98,0312
99,0315
100,0318
101,0322
102,0324
13,0325
104,0328
105,0330
106,0332
107,0334
108,0336
109,0339
110,0341
111,0342
112,0342
113,0345
114,0345
115,0348
116,0349
117,0351
118,0351
119,0353
120,0354
121,0356
122,0356
123,0358
124,0359
125,0360
126,0361
127,0362
128,0365
129,0366
130,0368
131,0373
132,0373
133,0375
134,0379
135,0381
136,0417
137,0418
138,0420
139,0422
140,0424
141,0426
142,0431
143,0434
144,0435
145,0441
146,0444
147,0446
148,0448
149,0450
150,0455
151,0456
152,0459
