431,0001
432,0002
433,0003
434,0003
435,0004
436,0004
437,0004
438,0005
439,0005
440,0005
441,0006
442,0007
443,0008
444,0008
445,0010
446,0011
447,0012
448,0013
449,0014
450,0016
451,0018
452,0019
453,0019
454,0019
455,0020
456,0020
457,0020
458,0021
459,0021
460,0024
461,0024
462,0028
463,0029
464,0030
465,0155
466,0155
467,0156
468,0156
469,0156
470,0157
471,0157
472,0157
473,0158
474,0158
475,0158
476,0158
477,0159
478,0159
479,0159
480,0160
481,0161
482,0161
483,0162
484,0162
485,0163
486,0163
487,0163
488,0164
489,0164
490,0164
491,0165
492,0165
493,0166
494,0166
495,0167
496,0167
497,0167
498,0167
499,0168
500,0168
501,0168
502,0169
503,0169
504,0171
505,0198
506,0198
507,0199
508,0200
509,0200
510,0201
511,0201
512,0202
513,0202
514,0203
515,0203
516,0204
517,0204
518,0205
519,0205
520,0205
521,0206
522,0206
523,0207
524,0207
525,0207
526,0208
527,0208
528,0209
529,0209
530,0210
531,0210
532,0210
533,0211
534,0211
535,0211
536,0212
537,0212
538,0214
539,0214
540,0215
541,0215
542,0227
543,0227
544,0228
545,0228
546,0229
547,0229
548,0229
549,0229
550,0230
551,0230
552,0230
553,0231
554,0232
555,0232
556,0232
557,0232
558,0232
559,0233
560,0233
561,0233
562,0234
563,0236
564,0237
565,0238
566,0239
567,0240
568,0240
569,0258
570,0258
571,0258
572,0258
573,0258
574,0259
575,0259
576,0259
577,0259
578,0260
579,0260
580,0261
581,0261
582,0262
583,0262
584,0262
585,0262
586,0263
587,0263
588,0263
589,0263
590,0265
591,0266
592,0267
593,0268
594,0270
595,0270
596,0272
597,0272
598,0274
599,0283
600,0285
601,0285
602,0286
603,0287
604,0287
605,0289
606,0289
607,0290
608,0291
609,0292
610,0293
611,0293
612,0293
613,0295
614,0295
615,0295
616,0295
617,0295
618,0295
619,0296
620,0296
621,0296
622,0296
623,0296
624,0296
625,0297
626,0297
627,0297
628,0297
629,0298
630,0299
631,0299
632,0299
633,0300
634,0300
635,0301
636,0301
637,0301
638,0302
639,0302
640,0303
641,0303
642,0303
643,0304
644,0304
645,0304
646,0304
647,0304
648,0305
649,0305
650,0305
651,0305
652,0306
653,0306
654,0307
655,0307
656,0307
657,0307
658,0307
659,0307
660,0308
661,0308
662,0308
663,0309
664,0309
665,0309
666,0310
667,0310
668,0310
669,0310
670,0310
671,0311
672,0311
673,0311
674,0311
675,0312
676,0312
677,0312
678,0312
679,0313
680,0313
681,0313
682,0314
683,0314
684,0314
685,0315
686,0315
687,0315
688,0315
689,0315
690,0315
691,0316
692,0316
693,0316
694,0316
695,0316
696,0317
697,0317
698,0317
699,0317
700,0317
701,0317
702,0317
703,0317
704,0318
705,0318
706,0318
707,0318
708,0318
709,0318
710,0319
711,0319
712,0319
713,0320
714,0320
715,0320
716,0321
717,0321
718,0321
719,0321
720,0322
721,0322
722,0322
723,0323
724,0323
725,0324
726,0324
727,0324
728,0325
729,0325
730,0325
731,0326
732,0326
733,0330
734,0330
735,0333
736,0333
737,0336
738,0336
739,0338
740,0340
741,0440
742,0441
743,0441
744,0443
745,0443
746,0444
747,0445
748,0446
749,0446
750,0448
751,0449
752,0451
753,0453
754,0456
755,0456
756,0456
757,0460
758,0464
759,0468
760,0469
761,0469
762,0477
763,0478
764,0479
765,0480
766,0481
767,0491
768,0491
769,0493
770,0495
771,0495
772,0497
773,0499
774,0500
775,0501
776,0502
777,0515
778,0515
779,0516
780,0516
781,0517
782,0517
783,0518
784,0519
785,0523
786,0524
787,0533
788,0536
789,0537
790,0537
791,0539
792,0540
793,0540
794,0540
795,0560
796,0562
797,0563
798,0568
799,0569
800,0570
801,0573
802,0574
803,0578
804,0582
805,0583
806,0584
807,0584
808,0585
809,0585
810,0585
811,0585
812,0585
813,0585
814,0586
815,0586
816,0586
817,0587
818,0587
819,0587
820,0587
821,0587
822,0588
823,0589
824,0589
825,0590
826,0591
827,0591
828,0592
829,0594
830,0594
831,0596
832,0597
833,0598
834,0598
835,0599
836,0599
837,0600
838,0601
839,0601
840,0606
841,0607
842,0607
843,0608
844,0608
845,0612
846,0615
847,0615
848,0616
849,0754
850,0755
851,0756
852,0757
853,0757
854,0757
855,0758
856,0758
857,0758
858,0758
859,0758
860,0759
861,0759
862,0763
863,0763
864,0763
865,0763
866,0763
867,0764
868,0764
869,0764
870,0765
871,0765
872,0765
873,0765
874,0765
875,0766
876,0766
877,0766
878,0766
879,0766
880,0767
881,0767
882,0767
883,0768
884,0768
885,0768
886,0769
887,0769
888,0769
889,0770
890,0770
891,0770
892,0771
893,0771
894,0771
895,0772
896,0772
897,0772
898,0773
899,0773
900,0773
901,0774
902,0774
903,0774
904,0774
305,0774
906,0775
907,0775
908,0775
909,0776
910,0776
911,0777
912,0777
913,0778
914,0778
915,0778
916,0779
917,0779
918,0780
919,0780
920,0780
921,0781
922,0781
923,0782
924,0782
925,0783
926,0783
927,0786
928,0786
929,0787
930,0788
931,0788
932,0789
933,0790
934,0791
935,0791
936,0792
937,0793
938,0793
939,0794
940,0794
941,0794
942,0795
943,0795
944,0795
945,0795
946,0795
947,0795
948,0795
949,0795
950,0797
951,0797
952,0798
953,0799
954,0799
955,0800
956,0801
957,0802
958,0803
959,0803
960,0804
961,0805
962,0806
963,0807
964,0808
965,0808
966,0808
967,0809
968,0809
969,0809
970,0809
971,0809
972,0810
973,0810
974,0810
975,0810
976,0810
977,0811
978,0811
979,0812
980,0812
981,0812
982,0813
983,0814
984,0814
985,0815
986,0815
987,0816
988,0816
989,0816
990,0817
991,0819
992,0819
993,0819
994,0820
995,0820
996,0820
997,0821
998,0821
999,0821
1000,0821
1001,0822
1002,0822
1003,0822
1004,0823
1005,0823
1006,0824
1007,0824
1008,0824
1009,0824
1010,0824
1011,0825
1012,0828
1013,0828
1014,0830
1015,0831
1016,0831
1017,0831
1018,0833
1019,0834
1020,0835
1021,0836
1022,0836
1023,0837
1024,0838
1025,0838
1026,0839
1027,0839
1028,0840
1029,0841
1030,0841
1031,0842
1032,0842
1033,0843
1034,0844
1035,0844
1036,0844
1037,0845
1038,0845
1039,0845
1040,0846
1041,0846
1042,0846
1043,0846
1044,0847
1045,0847
1046,0847
1047,0847
1048,0848
1049,0848
1050,0848
1051,0849
1052,0849
1053,0850
1054,0850
1055,0850
1056,0851
1057,0851
1058,0852
1059,0852
1060,0852
1061,0853
1062,0853
1063,0853
1064,0854
1065,0854
1066,0855
1067,0855
1068,0856
1069,0856
7070,0856
1071,0857
1072,0857
1073,0969
1074,0969
1075,0969
1076,0969
1077,0969
1078,0970
1079,0970
1080,0970
1081,0971
1082,0971
1083,0971
1084,0971
1085,0972
1086,0972
1087,0972
1088,0974
1089,0976
1090,0977
1091,0979
1092,0980
1093,0980
1094,0981
1095,0982
1096,0983
1097,0992
1098,0993
1099,0994
1100,0995
1101,0995
1102,0997
1103,0997
1104,0999
1105,0999
1106,0999
1107,1002
1108,1006
1109,1009
1110,1010
1111,1012
1112,1014
1113,1015
1114,1018
1115,1020
1116,1022
1117,1025
1118,1026
