1077,0001
1078,0001
1079,0002
1080,0002
1081,0002
1082,0003
1083,0003
1084,0003
1085,0003
1086,0004
1087,0004
1088,0006
1089,0006
1090,0006
1091,0007
1092,0007
1093,0007
1094,0007
1095,0008
1096,0008
1097,0008
1098,0008
1099,0008
1100,0008
1101,0009
1102,0009
1103,0009
1104,0009
1105,0010
1106,0010
1107,0010
1108,0010
1109,0011
1110,0011
1111,0011
1112,0011
1113,0011
1114,0012
1115,0012
1116,0012
1117,0012
1118,0012
1119,0012
1120,0013
1121,0013
1122,0013
1123,0013
1124,0014
1125,0014
1126,0014
1127,0014
1128,0015
1129,0015
1130,0016
1131,0016
1132,0017
1133,0017
1134,0017
1135,0017
1136,0018
1137,0018
1138,0019
1139,0019
1140,0020
1141,0020
1142,0020
1143,0021
1144,0021
1145,0022
1146,0022
1147,0023
1148,0023
1149,0024
1150,0025
1151,0025
1152,0026
1153,0027
1154,0027
1155,0027
1156,0028
1157,0029
1158,0030
1159,0030
1160,0031
1161,0031
1162,0032
1163,0033
1164,0033
1165,0033
1166,0033
1167,0034
1168,0034
1169,0034
1170,0036
1171,0036
1172,0037
1173,0038
1174,0039
1175,0039
1176,0040
1177,0040
1178,0041
1179,0041
1180,0042
1181,0042
1182,0043
1183,0043
1184,0043
1185,0043
1186,0044
1187,0044
1188,0044
1189,0045
1190,0045
1191,0045
1192,0046
1193,0046
1194,0047
1195,0047
1196,0048
1197,0048
1198,0049
1199,0049
1200,0049
1201,0050
1202,0050
1203,0050
1204,0051
1205,0051
1206,0052
1207,0052
1208,0052
1209,0053
1210,0053
1211,0054
1212,0054
1213,0056
1214,0056
1215,0057
1216,0058
1207,0059
1218,0059
1219,0060
1220,0060
1221,0060
222,0060
1223,0061
1224,0061
1225,0061
1226,0061
1227,0061
1228,0062
1229,0062
1230,0063
1231,0064
1232,0065
1233,0065
1234,0066
1235,0066
1236,0066
1237,0066
1238,0075
1239,0076
1240,0076
1241,0077
1242,0078
1243,0078
1244,0078
1245,0079
1246,0079
1247,0079
1248,0080
1249,0080
1250,0080
1251,0081
1252,0081
1253,0081
1254,0082
1255,0082
1256,0083
1257,0083
1258,0083
1259,0083
1260,0084
1261,0084
1262,0084
1263,0085
1264,0085
1265,0086
1266,0086
1267,0086
1268,0087
1269,0088
1270,0088
1271,0089
1272,0090
1273,0090
1274,0090
1275,0091
1276,0091
1277,0091
1278,0092
1279,0092
1280,0093
1281,0093
1282,0094
1283,0095
1284,0095
1285,0096
1286,0096
1287,0097
1288,0097
1289,0097
1290,0098
1291,0098
1292,0098
1293,0098
1294,0098
1295,0099
1296,0099
1297,0099
1298,0099
1299,0100
1300,0100
1301,0100
1302,0101
1303,0101
1304,0102
1305,0102
1306,0102
1307,0102
1308,0103
1309,0103
1310,0104
1311,0105
1312,0105
1313,0106
1314,0107
1315,0108
1316,0109
1317,0109
1318,0109
1319,0110
1320,0110
1321,0111
1322,0111
1323,0111
1324,0112
1325,0113
1326,0114
1327,0114
1328,0114
1329,0115
1330,0116
1331,0116
1332,0116
1333,0117
1334,0117
1335,0117
1336,0118
1337,0118
1338,0119
1339,0119
1340,0120
1341,0121
1342,0122
1343,0122
1344,0123
1345,0124
1346,0124
1347,0125
1348,0125
1349,0126
1350,0126
1351,0126
1352,0127
1353,0128
1354,0129
1355,0130
1356,0130
1357,0130
1358,0132
1359,0134
1360,0136
1361,0137
1362,0138
1363,0139
1364,0140
1365,0141
1366,0142
1367,0142
1368,0143
1369,0143
1370,0144
1371,0144
1372,0144
1373,0145
1374,0145
1375,0146
1376,0147
1377,0148
1378,0150
1379,0150
1380,0151
1381,0153
1382,0153
1383,0153
1384,0154
1385,0154
1386,0155
1387,0156
1388,0156
1390,0158
1391,0158
1392,0158
1393,0159
1394,0159
1395,0160
1396,0160
1397,0160
1398,0161
1399,0161
1400,0162
1401,0163
1402,0164
1403,0166
1404,0166
1405,0167
1406,0168
1407,0168
1408,0169
1409,0170
1410,0170
1411,0171
1412,0171
1413,0172
1414,0172
1415,0173
1416,0173
1417,0173
1418,0177
1419,0178
1420,0178
1421,0179
1422,0179
1423,0179
1424,0180
1425,0180
1426,0181
1427,0182
1428,0182
1429,0182
1430,0183
1431,0183
1432,0184
1433,0184
1434,0185
1435,0186
1436,0186
1437,0187
1438,0188
1439,0189
1440,0189
1441,0190
1442,0190
1443,0191
1444,0191
1445,0191
1446,0192
1447,0192
1448,0192
1449,0193
1450,0193
1452,0194
1453,0195
1454,0195
1455,0195
1456,0197
1457,0199
1458,0199
1459,0200
1460,0200
1461,0201
1462,0201
1463,0203
1464,0204
1465,0204
1466,0205
1467,0206
1468,0207
1469,0208
1470,0209
1471,0210
1472,0211
1473,0211
1474,0212
1475,0212
1476,0213
1477,0213
1478,0213
1479,0214
1480,0214
1481,0214
1482,0214
1483,0215
1484,0215
1485,0216
1486,0217
1487,0218
1488,0218
1489,0219
1490,0220
1491,0220
1492,0221
1493,0221
1494,0222
1495,0222
1496,0223
1497,0223
1498,0223
1499,0224
1500,0224
1501,0225
1502,0225
1503,0225
1504,0226
1505,0226
1506,0226
1507,0226
1508,0227
1509,0227
1510,0227
1511,0228
1512,0228
1513,0228
1514,0229
1515,0229
1516,0229
1517,0230
1518,0230
1519,0230
1520,0231
1521,0231
1522,0232
1523,0232
1524,0233
1525,0234
1526,0234
1527,0235
1528,0235
1529,0236
1530,0237
1531,0238
1532,0238
1533,0238
1534,0239
1535,0240
1536,0240
1537,0240
1538,0241
1539,0241
1540,0241
1541,0241
1542,0242
1543,0242
1544,0242
1545,0243
1546,0243
1547,0243
1528,0244
1549,0244
1550,0244
1551,0245
1552,0245
1553,0245
1554,0246
1555,0246
1556,0246
1557,0247
1558,0247
1559,0247
1560,0247
1561,0248
1562,0248
1563,0249
1564,0249
1565,0249
2566,0249
1567,0250
1568,0250
1569,0250
1570,0251
1571,0251
1572,0251
1573,0252
1574,0252
1575,0252
1576,0252
1577,0253
1578,0253
1579,0253
1580,0254
1581,0254
1582,0254
1583,0254
1584,0255
1585,0255
1586,0255
1587,0255
1588,0256
1589,0256
1590,0256
1591,0256
1592,0257
1593,0257
1594,0257
1595,0257
1596,0258
1597,0258
1598,0259
1599,0259
1600,0259
1601,0260
1602,0260
1603,0260
1604,0261
1605,0261
1606,0262
1607,0263
1608,0265
1609,0265
1610,0265
1601,0266
1612,0267
1613,0268
1614,0268
1615,0268
1616,0269
1617,0269
1618,0270
1619,0270
1620,0271
1620,0271
1622,0272
1623,0272
1624,0273
1625,0273
1626,0274
1627,0275
1628,0275
1629,0276
1630,0276
1631,0277
1632,0277
1633,0277
1634,0278
1635,0278
1636,0278
1637,0278
1638,0279
1639,0279
1640,0279
1641,0279
1642,0279
1643,0280
1644,0280
1645,0280
1646,0280
1647,0280
1648,0280
1649,0281
1650,0281
1651,0281
1652,0281
1653,0281
1654,0281
1655,0282
1656,0282
1657,0282
1658,0283
1659,0283
1660,0286
1661,0286
1662,0287
1663,0288
1664,0288
1668,0288
1666,0288
1667,0289
1668,0290
1669,0290
1670,0290
1671,0290
1672,0291
1673,0291
1678,0291
1675,0291
1676,0292
1677,0293
1678,0294
1679,0294
1680,0294
1681,0295
1682,0295
1683,0296
1684,0296
1685,0296
1686,0297
1687,0298
1688,0298
1689,0299
1690,0299
1691,0299
1692,0299
1693,0300
1694,0300
1695,0300
1696,0301
1697,0301
1698,0302
1699,0302
1700,0303
1301,0303
1702,0304
1703,0304
1704,0305
1705,0305
1706,0306
1707,0306
1708,0307
1709,0307
1710,0307
1711,0307
1712,0308
1713,0308
1714,0308
1715,0309
1716,0309
1717,0309
1718,0310
1719,0310
1720,0310
1720,0311
1722,0311
1723,0311
1724,0312
1725,0312
1726,0312
1727,0312
1728,0313
1729,0313
1730,0314
1731,0314
1732,0315
1733,0315
1734,0315
1735,0316
1736,0316
1737,0316
1738,0317
1739,0318
1740,0318
1741,0318
1742,0319
1743,0319
1744,0320
1745,0320
1746,0320
1747,0321
1748,0321
1749,0322
1750,0322
1751,0323
1752,0323
1753,0323
1754,0324
1755,0324
1756,0324
1757,0324
1758,0324
1759,0325
1760,0325
1761,0325
1762,0325
1763,0325
1764,0325
1765,0326
1766,0326
1767,0327
1,0329
2,0330
3,0330
4,0331
5,0332
6,0332
7,0334
8,0335
9,0335
10,0336
11,0336
12,0337
13,0338
14,0339
15,0340
16,0340
17,0341
18,0341
19,0342
20,0342
21,0342
22,0343
23,0344
24,0344
25,0345
26,0345
27,0346
28,0346
29,0347
30,0348
31,0349
32,0349
33,0350
34,0351
35,0352
36,0353
37,0354
38,0354
39,0356
40,0356
41,0358
42,0359
43,0360
44,0360
45,0361
46,0361
47,0361
48,0362
49,0363
50,0364
51,0364
52,0365
53,0365
54,0366
55,0366
56,0367
57,0367
58,0368
59,0368
60,0369
61,0369
62,0370
63,0370
64,0371
65,0371
66,0372
67,0372
68,0372
69,0373
70,0373
71,0373
72,0374
73,0374
74,0374
75,0375
76,0376
77,0377
78,0377
79,0377
80,0378
81,0379
82,0379
83,0379
84,0380
85,0380
86,0380
87,0381
88,0381
89,0381
90,0382
91,0383
92,0383
93,0384
94,0384
95,0384
96,0384
97,0385
98,0385
99,0386
100,0386
101,0387
102,0388
103,0388
104,0389
105,0390
106,0391
107,0391
108,0393
109,0394
110,0395
111,0395
112,0396
113,0396
114,0397
115,0397
116,0399
117,0400
118,0401
119,0401
120,0401
121,0402
122,0402
123,0402
124,0403
125,0403
126,0403
127,0404
128,0404
129,0404
130,0405
131,0405
132,0406
133,0407
134,0407
135,0408
136,0408
137,0409
138,0410
139,0411
140,0411
141,0411
142,0412
143,0412
144,0413
145,0413
146,0413
147,0414
148,0414
149,0414
150,0414
151,0415
152,0416
153,0416
154,0417
155,0417
156,0418
157,0418
158,0419
159,0420
160,0420
161,0420
162,0421
163,0421
164,0422
165,0423
166,0423
167,0424
168,0425
169,0425
170,0425
171,0426
172,0426
173,0426
174,0427
175,0428
176,0429
177,0429
178,0430
179,0431
180,0431
181,0432
182,0432
183,0433
184,0433
185,0434
186,0434
187,0435
188,0435
189,0436
190,0436
191,0437
192,0437
193,0438
194,0439
195,0439
196,0441
197,0442
198,0442
199,0443
200,0443
201,0443
202,0444
203,0444
204,0444
205,0445
206,0445
207,0445
208,0446
209,0446
210,0446
211,0447
212,0447
213,0448
214,0448
215,0449
216,0449
217,0449
218,0449
219,0450
220,0450
221,0450
222,0451
223,0452
228,0452
225,0453
226,0453
227,0453
228,0454
229,0454
230,0454
231,0455
232,0455
233,0455
234,0456
235,0456
236,0456
237,0457
238,0457
239,0457
240,0458
241,0458
242,0459
243,0459
244,0460
245,0460
246,0460
247,0460
248,0461
249,0461
250,0461
251,0462
252,0462
253,0462
258,0463
255,0463
256,0463
257,0464
258,0464
259,0465
260,0465
261,0466
262,0466
263,0466
264,0466
265,0467
266,0467
267,0467
268,0468
269,0468
270,0469
271,0469
272,0469
273,0470
274,0471
275,0471
276,0472
277,0472
278,0473
279,0473
280,0474
281,0475
282,0475
283,0476
284,0477
285,0477
286,0478
287,0479
288,0479
289,0479
290,0480
291,0480
292,0481
293,0481
294,0482
295,0482
296,0483
297,0483
298,0484
299,0484
300,0485
301,0486
302,0486
303,0487
304,0487
305,0487
306,0487
307,0488
308,0488
309,0488
310,0489
311,0490
312,0490
313,0491
314,0491
315,0491
316,0492
317,0492
318,0492
319,0492
320,0493
321,0493
322,0493
323,0493
324,0494
325,0494
326,0495
327,0495
328,0496
329,0497
330,0497
331,0498
332,0498
333,0499
334,0500
335,0500
336,0501
337,0501
338,0502
339,0503
340,0503
341,0504
342,0504
343,0505
344,0505
345,0505
346,0506
347,0506
348,0506
349,0507
350,0507
351,0507
352,0508
353,0508
354,0508
355,0509
356,0509
357,0509
358,0510
359,0510
360,0510
361,0511
362,0511
363,0511
364,0512
365,0512
366,0512
367,0513
368,0513
369,0513
370,0514
371,0514
372,0514
373,0515
374,0515
375,0515
376,0516
377,0516
378,0516
379,0516
380,0517
381,0517
382,0517
383,0518
384,0518
385,0518
386,0519
387,0519
388,0519
389,0520
390,0520
391,0520
392,0521
393,0521
394,0522
395,0523
396,0523
397,0524
398,0524
399,0525
400,0525
401,0526
802,0526
403,0527
404,0527
405,0528
406,0528
407,0529
408,0530
409,0531
410,0532
411,0533
412,0534
413,0534
414,0535
415,0535
416,0536
417,0536
418,0537
419,0539
420,0539
421,0540
422,0540
423,0541
424,0541
425,0542
426,0542
427,0543
428,0543
429,0544
430,0544
431,0544
432,0544
433,0544
434,0545
435,0545
436,0545
437,0545
438,0545
439,0546
440,0546
441,0546
442,0546
443,0547
444,0547
445,0547
446,0547
447,0547
448,0548
449,0548
450,0548
450,0548
452,0549
453,0549
454,0549
455,0549
456,0550
457,0550
458,0550
459,0550
460,0550
461,0551
462,0551
463,0552
464,0552
465,0554
466,0555
467,0556
468,0556
469,0557
470,0558
471,0558
472,0559
473,0560
474,0560
475,0561
476,0562
477,0562
478,0562
479,0563
480,0563
481,0564
482,0564
483,0564
484,0565
485,0565
486,0565
487,0566
488,0566
489,0567
490,0568
491,0569
492,0570
493,0571
494,0572
495,0573
496,0573
497,0574
498,0574
499,0575
500,0575
501,0575
502,0576
503,0576
504,0576
505,0577
506,0577
507,0577
508,0577
509,0578
510,0578
511,0578
512,0579
513,0580
514,0580
515,0581
516,0581
517,0581
518,0582
519,0583
520,0583
521,0584
522,0584
523,0585
524,0585
525,0586
526,0586
527,0586
528,0587
529,0588
530,0589
531,0589
532,0590
533,0591
534,0592
535,0592
536,0593
537,0593
538,0594
539,0595
540,0595
541,0596
542,0597
543,0598
544,0598
545,0599
546,0599
547,0600
548,0600
549,0600
550,0601
551,0602
552,0602
553,0602
554,0603
555,0604
556,0604
557,0605
558,0606
559,0606
560,0606
561,0606
562,0606
563,0607
564,0607
565,0607
566,0607
567,0607
568,0608
569,0608
570,0608
571,0608
572,0608
573,0608
574,0609
575,0609
576,0610
