159,0227
160,0228
161,0230
162,0231
163,0233
164,0235
165,0236
166,0238
167,0239
169,0242
170,0243
171,0245
172,0246
173,0248
174,0250
176,0254
177,0255
178,0256
179,0258
180,0260
181,0262
182,0263
183,0265
184,0267
175,0269
186,0270
187,0272
188,0274
189,0275
190,0277
191,0279
192,0281
193,0282
194,0284
195,0286
196,0288
197,0290
198,0292
199,0293
200,0295
201,0296
202,0297
203,0299
204,0301
205,0302
206,0304
208,0307
209,0308
210,0310
211,0311
212,0312
213,0314
214,0315
215,0316
206,0318
218,0321
219,0323
220,0325
221,0326
222,0328
223,0329
224,0331
225,0332
226,0334
227,0335
228,0337
229,0338
230,0340
231,0341
232,0343
233,0344
234,0345
235,0347
236,0348
237,0350
238,0352
239,0354
240,0355
241,0357
242,0358
243,0360
244,0362
245,0363
246,0365
247,0367
248,0368
249,0370
250,0371
251,0373
253,0376
254,0377
255,0378
256,0380
257,0381
258,0382
259,0384
260,0385
261,0386
262,0388
263,0389
265,0392
266,0395
267,0396
268,0397
269,0399
270,0401
271,0403
272,0404
273,0406
274,0408
