1,0002
831,0002
1,0003
832,0004
833,0004
834,0005
835,0006
836,0006
837,0009
838,0009
839,0012
840,0013
841,0013
842,0014
1,0015
1,0016
3,0016
843,0019
3,0019
844,0021
845,0023
846,0023
847,0025
848,0025
1,0026
849,0029
850,0029
851,0029
852,0030
853,0030
854,0030
855,0034
856,0035
857,0035
858,0037
859,0037
860,0037
861,0037
862,0038
863,0040
864,0041
865,0041
866,0042
867,0042
869,0042
869,0045
870,0046
871,0046
872,0047
873,0047
874,0048
875,0048
876,0049
877,0049
878,0050
879,0050
880,0051
881,0051
882,0051
883,0051
884,0052
885,0052
5,0054
886,0056
887,0056
888,0057
889,0057
890,0058
891,0058
892,0058
893,0060
894,0060
895,0061
896,0062
897,0062
898,0062
899,0066
900,0067
901,0067
1,0068
2,0068
902,0069
903,0069
904,0069
1,0075
905,0075
906,0075
907,0075
908,0076
909,0077
910,0077
911,0080
912,0081
913,0082
914,0082
915,0082
916,0082
1,0088
917,0088
918,0089
1,0089
919,0089
1,0090
1,0091
920,0091
921,0092
922,0092
3,0092
1,0098
923,0100
924,0100
925,0101
926,0101
927,0102
928,0103
2,0103
929,0103
930,0104
931,0109
932,0109
933,0109
934,0109
935,0109
936,0109
937,0113
938,0114
939,0115
940,0115
941,0115
942,0116
943,0116
944,0119
945,0119
946,0119
948,0119
948,0120
949,0120
950,0120
951,0122
952,0122
953,0123
954,0123
955,0123
956,0124
957,0125
958,0125
959,0125
960,0126
961,0126
962,0126
963,0128
964,0128
965,0129
966,0129
967,0129
968,0129
969,0131
970,0132
971,0132
972,0134
973,0134
974,0135
975,0135
976,0139
977,0139
978,0140
979,0140
980,0140
981,0140
982,0141
3,0141
1,0143
983,0146
984,0146
985,0146
986,0146
987,0148
988,0148
989,0148
990,0150
991,0151
992,0151
993,0151
994,0151
995,0151
996,0151
997,0155
998,0155
999,0156
1000,0156
1001,0156
1002,0157
1003,0158
1004,0158
1005,0158
1006,0159
1007,0162
1008,0163
1009,0163
1010,0164
1011,0164
1012,0165
1013,0166
1014,0171
1015,0172
1016,0174
1017,0175
1018,0176
1019,0177
1020,0179
1021,0183
1,0183
1022,0184
1023,0184
1024,0185
1025,0185
1026,0186
1027,0187
1028,0190
1029,0190
1030,0190
1031,0190
1032,0190
1033,0191
1034,0191
1035,0194
1036,0195
4,0195
5,0195
1,0196
1037,0196
1038,0196
1039,0197
1040,0197
1041,0197
1042,0201
1,0201
1043,0206
1044,0207
1045,0207
3,0207
1046,0208
1047,0208
1048,0209
1049,0209
1050,0215
1051,0216
1052,0216
1053,0216
1054,0216
1055,0216
1056,0216
1,0217
1057,0226
1058,0226
1059,0227
1060,0227
1061,0228
1062,0228
1063,0230
1064,0231
1065,0236
1066,0236
1067,0236
1068,0237
1069,0237
1070,0238
1071,0238
1072,0240
1073,0241
1074,0241
1075,0241
1076,0242
1077,0242
1078,0242
1079,0246
1080,0247
1081,0247
1082,0248
1083,0249
1084,0250
1085,0250
1086,0254
1087,0254
1088,0254
1089,0255
1090,0255
1091,0255
1092,0256
1093,0258
1094,0259
1095,0259
1096,0259
1098,0259
1098,0259
1099,0260
1100,0263
1100,0263
1200,0263
13000,0263
14000,0263
15000,0263
1106,0264
1107,0270
1,0271
1108,0274
1109,0274
1110,0276
2,0276
1111,0277
1112,0278
1113,0278
1,0278
1,0284
2,0285
1114,0286
1115,0286
1,0287
1116,0287
1117,0287
1118,0289
119,0289
1120,0289
1,0290
2,0291
1121,0296
1122,0296
1123,0297
1124,0297
1125,0298
1126,0298
1127,0298
1128,0299
1,0302
1129,0303
1130,0304
1131,0305
1132,0305
1133,0306
1134,0306
1135,0307
1136,0308
1137,0313
1138,0313
1139,0313
1140,0314
1141,0314
1142,0314
1143,0314
1144,0314
1145,0315
2,0317
1,0318
1146,0319
1147,0319
1148,0319
1149,0319
1150,0320
1151,0320
1152,0322
1153,0322
1154,0322
1,0326
1,0327
1155,0328
1156,0328
1,0329
1157,0331
1158,0331
1159,0332
1,0333
2,0333
1,0334
2,0334
1160,0335
1161,0336
1162,0336
1163,0341
1164,0342
1165,0343
1166,0344
1167,0344
1168,0345
1169,0345
1170,0346
2,0351
1171,0352
1172,0353
1173,0354
1174,0354
1175,0355
1176,0356
1177,0358
1178,0358
1179,0358
1,0360
1,0362
1180,0363
1181,0363
1182,0364
1183,0364
1184,0365
1185,0365
1186,0365
1187,0365
1,0366
1188,0372
1189,0372
1190,0372
1191,0373
1192,0373
1193,0373
1194,0373
1195,0373
1196,0373
1197,0373
1198,0373
1199,0376
1200,0377
1201,0377
1202,0378
1203,0378
1204,0378
1205,0379
1206,0379
1,0381
1207,0381
1208,0382
1209,0382
1210,0382
1211,0382
1212,0382
1213,0382
1214,0382
1215,0383
1216,0388
1217,0388
1218,0388
1219,0388
1220,0388
1221,0388
1222,0388
1223,0388
1224,0389
1225,0389
1,0391
1226,0394
1227,0395
1,0395
1228,0395
1229,0396
1230,0396
1231,0396
1232,0397
1233,0397
1234,0398
1235,0398
1236,0400
1237,0400
1238,0400
1239,0400
1240,0400
1241,0400
1242,0400
1243,0401
1244,0401
1245,0401
1246,0406
1247,0406
1248,0407
1249,0407
1250,0407
1251,0408
1252,0408
1253,0408
1254,0409
1,0412
1255,0419
1256,0419
1257,0420
1258,0420
1259,0421
2,0421
1260,0421
1261,0422
1,0422
1261,0425
1263,0426
3,0426
1246,0427
1265,0430
1266,0431
1267,0431
1268,0431
1269,0431
1270,0434
1271,0434
1272,0435
1273,0436
1,0437
1274,0438
3,0438
1275,0439
3,0439
1276,0440
1277,0440
1,0441
1278,0441
1279,0441
1280,0442
1281,0443
1282,0443
1283,0445
1284,0446
1285,0446
1286,0446
1287,0446
1288,0446
1289,0446
1290,0446
1291,0446
1292,0450
1293,0451
1294,0452
1295,0452
1296,0453
1297,0453
1298,0453
1299,0454
1300,0454
1,0456
2,0457
1,0458
1301,0459
1302,0459
1303,0459
1304,0460
2,0460
1305,0461
1306,0461
1307,0462
1308,0462
1309,0462
1,0465
1310,0466
1311,0467
1312,0467
1,0468
1313,0469
1314,0469
1315,0469
1316,0470
1317,0470
1318,0470
1,0476
2,0477
1319,0477
1320,0477
1321,0478
1322,0478
1323,0478
1324,0478
1325,0478
1326,0478
1387,0481
1283,0481
1329,0486
1330,0486
1331,0487
1332,0488
1333,0489
2,0489
1334,0489
1335,0489
1336,0489
1337,0489
1,0490
1,0491
1,0492
1,0493
1338,0493
1339,0493
1340,0494
1341,0494
1,0497
2,0498
3,0499
1357,0500
1358,0501
1359,0502
1360,0502
1361,0503
1362,0503
1363,0504
4,0504
1364,0504
1365,0505
1366,0506
1367,0511
1368,0511
1368,0513
1370,0513
1371,0514
1372,0514
1373,0514
1374,0514
1373,0514
1376,0514
1377,0515
1378,0515
1379,0515
4,0517
2,0519
1,0520
1380,0522
1381,0523
1382,0524
1383,0525
2,0526
1384,0526
1385,0527
1,0527
1386,0528
1387,0528
1388,0529
1389,0530
1,0532
1390,0539
1391,0539
1392,0539
1393,0539
1394,0539
1395,0540
1396,0540
2,0540
1397,0540
1398,0541
2,0541
1399,0541
1,0542
2,0542
2,0544
1400,0546
1401,0546
1402,0547
3,0547
4,0548
1403,0548
1404,0548
1405,0549
1406,0549
1407,0549
1408,0550
1409,0551
3,0556
1410,0557
1411,0557
1412,0558
1313,0558
1414,0558
1415,0558
1416,0558
1417,0559
1418,0559
1419,0559
1420,0561
1421,0561
1,0563
1422,0564
1423,0565
1424,0565
1425,0565
1426,0565
1427,0565
1428,0565
1429,0567
1430,0567
1431,0567
1432,0568
1433,0570
1434,0571
1435,0571
1436,0572
1437,0572
1438,0572
1439,0573
1440,0573
1441,0574
1442,0574
1443,0577
1444,0577
1445,0578
1446,0578
1447,0579
1448,0579
2,0579
1449,0580
1450,0580
1451,0581
1,0581
1452,0582
2,0582
3,0587
1453,0587
1455,0587
1455,0588
1456,0588
1457,0588
1458,0589
1459,0589
1460,0589
1461,0589
1462,0589
3,0591
1,0592
5,0593
1473,0595
1474,0596
1475,0597
1476,0597
1477,0597
1478,0597
1479,0597
1480,0598
1481,0598
1,0601
1482,0601
2,0605
2,0608
1483,0610
1484,0611
1485,0611
1486,0612
2,0612
1487,0612
1488,0612
1489,0613
1490,0613
1491,0614
1492,0615
6,0616
1,0617
