1,0001
2,0001
3,0001
4,0002
5,0002
6,0003
7,0003
8,0003
9,0003
10,0004
11,0004
12,0004
13,0004
14,0005
15,0005
16,0005
17,0005
18,0006
19,0006
20,0007
21,0007
22,0007
23,0007
24,0008
25,0008
26,0008
27,0008
28,0008
29,0009
30,0009
31,0009
32,0010
33,0010
34,0011
35,0011
36,0012
37,0012
38,0012
39,0012
40,0013
41,0013
42,0013
43,0013
44,0014
45,0015
46,0015
47,0016
48,0017
49,0018
50,0019
51,0020
52,0020
53,0021
54,0021
55,0022
56,0022
57,0022
58,0023
59,0023
60,0024
61,0024
62,0025
63,0026
64,0027
65,0028
66,0028
67,0029
68,0029
69,0030
70,0030
71,0030
72,0031
73,0031
74,0032
75,0032
76,0033
77,0035
78,0035
79,0035
80,0036
81,0036
82,0036
83,0036
84,0037
85,0037
86,0037
87,0037
88,0038
89,0038
90,0039
91,0039
92,0040
93,0040
94,0042
95,0042
96,0042
97,0043
98,0043
99,0043
100,0043
101,0044
102,0044
103,0045
104,0045
105,0046
106,0046
107,0047
108,0047
109,0047
110,0047
111,0048
112,0049
113,0049
114,0049
115,0049
116,0049
117,0050
118,0050
119,0050
120,0051
121,0051
122,0051
123,0051
124,0052
125,0052
126,0052
127,0052
128,0052
129,0053
130,0053
131,0053
132,0054
133,0054
134,0054
135,0055
136,0055
137,0055
138,0056
139,0056
140,0056
141,0057
142,0057
143,0057
144,0057
145,0058
146,0058
147,0058
148,0059
149,0059
150,0060
151,0060
152,0060
153,0060
154,0061
155,0061
156,0061
157,0061
158,0062
159,0062
160,0062
161,0062
162,0063
163,0063
164,0064
165,0064
166,0064
167,0065
168,0065
169,0066
170,0066
171,0067
172,0067
173,0067
174,0068
175,0068
176,0069
177,0069
178,0069
179,0070
180,0070
181,0070
182,0071
183,0071
184,0072
185,0072
186,0072
187,0072
188,0073
189,0073
190,0073
191,0073
192,0074
193,0074
194,0074
195,0075
196,0075
197,0075
198,0076
199,0076
200,0077
201,0077
202,0078
203,0078
204,0078
205,0078
206,0079
207,0080
208,0080
209,0080
210,0081
211,0081
212,0081
213,0081
214,0081
215,0082
216,0082
217,0082
218,0083
219,0083
220,0083
221,0083
222,0083
223,0083
224,0084
225,0084
226,0085
227,0085
228,0085
229,0086
230,0086
231,0086
232,0086
233,0087
234,0087
235,0087
236,0088
237,0088
238,0088
239,0089
240,0089
241,0089
242,0090
243,0090
244,0090
245,0091
246,0091
247,0091
248,0091
249,0092
250,0092
251,0092
252,0092
253,0093
254,0093
255,0094
256,0094
257,0094
258,0094
259,0095
260,0095
261,0096
262,0096
263,0097
264,0097
265,0097
266,0098
267,0098
268,0099
269,0099
270,0100
271,0100
272,0100
273,0100
274,0101
275,0102
276,0102
277,0102
278,0102
279,0102
280,0103
281,0103
282,0103
283,0103
284,0103
285,0103
286,0104
287,0104
288,0104
289,0104
290,0105
291,0105
292,0105
293,0106
294,0106
295,0107
296,0107
297,0107
298,0108
299,0108
300,0109
301,0109
302,0109
303,0109
304,0109
305,0110
306,0110
307,0110
308,0111
309,0111
310,0111
311,0111
312,0112
313,0112
314,0112
315,0112
316,0112
317,0113
318,0113
319,0113
320,0114
321,0114
322,0114
323,0115
324,0115
325,0115
326,0116
327,0116
328,0116
329,0117
330,0117
331,0117
332,0117
333,0118
334,0118
335,0118
336,0119
337,0119
338,0120
339,0120
340,0120
341,0120
342,0121
343,0121
344,0121
345,0121
346,0122
347,0122
348,0122
349,0122
350,0123
351,0123
352,0124
353,0124
354,0124
355,0125
356,0125
357,0126
358,0126
359,0127
360,0127
361,0127
362,0128
363,0128
364,0129
365,0129
366,0129
367,0130
368,0130
369,0130
370,0131
371,0131
372,0131
373,0132
374,0132
375,0132
376,0132
377,0133
378,0133
379,0134
380,0134
381,0135
382,0136
383,0138
384,0140
385,0141
386,0142
387,0144
388,0146
389,0147
390,0147
391,0147
392,0148
393,0148
394,0149
395,0149
396,0150
397,0150
398,0150
399,0151
400,0152
401,0153
402,0153
403,0154
404,0154
405,0155
406,0155
407,0155
408,0156
409,0156
410,0156
411,0157
412,0157
413,0157
414,0158
415,0158
416,0158
417,0159
418,0159
419,0159
420,0159
421,0160
422,0160
423,0160
424,0160
425,0160
426,0161
427,0161
428,0161
429,0161
430,0161
431,0161
432,0162
433,0162
434,0162
435,0162
436,0162
437,0162
438,0163
439,0163
440,0163
441,0164
442,0164
443,0165
444,0165
445,0166
446,0167
447,0167
448,0168
449,0169
450,0169
451,0170
452,0170
453,0171
454,0172
455,0172
456,0172
457,0173
458,0173
459,0173
460,0174
461,0174
462,0174
463,0174
464,0175
465,0175
466,0176
467,0176
468,0177
469,0177
470,0177
471,0177
472,0178
473,0178
474,0178
475,0179
476,0179
477,0179
478,0180
479,0180
480,0180
481,0181
482,0181
483,0181
484,0182
485,0182
486,0183
487,0183
488,0184
489,0184
490,0184
491,0185
492,0185
493,0186
494,0186
495,0186
496,0187
497,0187
498,0187
499,0188
500,0188
501,0189
502,0189
503,0190
504,0190
505,0190
506,0191
507,0191
508,0191
509,0192
510,0192
511,0192
512,0193
513,0193
514,0193
515,0194
516,0194
517,0195
518,0195
519,0195
520,0196
521,0196
522,0196
523,0197
524,0197
525,0197
526,0198
527,0199
528,0199
529,0200
530,0200
531,0201
532,0201
533,0201
534,0202
535,0202
536,0202
537,0202
538,0203
539,0203
540,0203
541,0203
542,0203
543,0204
544,0204
545,0204
546,0204
547,0205
548,0205
549,0205
550,0205
551,0206
552,0206
553,0206
554,0206
555,0206
556,0207
557,0207
558,0207
559,0207
560,0208
561,0208
562,0209
563,0209
564,0209
565,0210
566,0210
567,0211
568,0211
569,0212
570,0212
571,0212
572,0213
573,0213
574,0214
575,0214
576,0215
577,0215
578,0215
579,0216
580,0216
581,0216
582,0217
583,0217
584,0218
585,0218
586,0219
587,0219
588,0220
589,0220
590,0220
591,0221
592,0221
593,0221
594,0222
595,0222
596,0223
597,0223
598,0224
599,0224
600,0225
601,0226
602,0226
603,0226
604,0227
605,0227
606,0228
607,0228
608,0229
609,0229
610,0229
611,0230
612,0230
613,0231
614,0231
615,0232
616,0232
617,0232
618,0233
619,0233
620,0234
621,0234
622,0235
623,0235
624,0235
625,0236
626,0236
627,0237
628,0237
629,0238
630,0238
631,0238
632,0239
633,0239
634,0240
635,0240
636,0240
637,0241
638,0241
639,0242
640,0242
641,0242
642,0243
643,0244
644,0244
645,0245
646,0246
647,0246
648,0246
649,0247
650,0247
651,0247
652,0247
653,0248
654,0248
655,0248
656,0248
657,0249
658,0249
659,0249
660,0249
661,0249
662,0250
663,0250
664,0250
665,0250
666,0251
667,0251
668,0251
669,0251
670,0251
671,0252
672,0252
673,0252
674,0252
675,0253
676,0253
677,0254
678,0254
679,0255
680,0255
681,0255
682,0256
683,0257
684,0257
685,0257
686,0258
687,0258
688,0259
689,0259
690,0260
691,0260
692,0261
693,0261
694,0262
695,0262
696,0263
697,0263
698,0264
699,0264
700,0264
701,0265
702,0265
703,0266
704,0267
705,0267
706,0267
707,0268
708,0268
709,0268
710,0269
711,0270
712,0270
713,0271
714,0271
715,0272
716,0273
717,0273
718,0274
719,0274
720,0274
721,0274
722,0275
723,0275
724,0275
725,0275
726,0275
727,0275
728,0276
729,0276
730,0276
731,0276
732,0276
733,0277
734,0277
735,0277
736,0277
737,0277
738,0278
739,0278
740,0278
741,0279
742,0279
743,0279
744,0279
745,0280
746,0280
747,0280
748,0280
749,0281
750,0281
751,0281
752,0281
753,0281
754,0281
755,0282
756,0282
757,0282
758,0282
759,0283
760,0283
761,0283
762,0283
763,0284
764,0284
765,0284
766,0285
767,0285
768,0285
769,0285
770,0286
771,0286
772,0286
773,0287
774,0287
775,0287
776,0288
777,0288
778,0288
779,0288
780,0288
781,0289
782,0289
783,0289
784,0289
785,0289
786,0289
787,0290
788,0290
789,0290
790,0290
791,0290
792,0291
793,0291
794,0291
795,0291
796,0292
797,0292
798,0292
799,0292
800,0292
801,0293
802,0293
803,0293
804,0293
805,0294
806,0294
807,0294
808,0294
809,0294
810,0295
811,0295
812,0295
813,0295
814,0295
815,0296
816,0296
817,0296
818,0297
819,0297
820,0297
821,0297
822,0298
823,0298
824,0298
825,0299
826,0299
827,0299
828,0299
829,0300
830,0300
831,0300
832,0301
833,0301
834,0302
835,0302
836,0302
837,0302
838,0302
839,0303
840,0303
841,0303
842,0304
843,0304
844,0304
845,0305
846,0305
847,0305
848,0306
849,0306
850,0307
851,0307
852,0307
853,0308
854,0308
855,0309
856,0309
857,0309
858,0310
859,0311
860,0311
861,0311
862,0311
863,0312
864,0312
865,0313
866,0313
867,0313
868,0313
869,0313
870,0314
871,0314
872,0314
873,0314
874,0315
875,0315
876,0315
877,0315
878,0316
879,0316
880,0316
881,0316
882,0317
883,0317
884,0317
885,0318
886,0318
887,0318
888,0319
889,0319
890,0319
891,0319
892,0320
893,0320
894,0320
895,0320
896,0320
897,0321
898,0321
899,0321
900,0322
901,0322
902,0322
903,0323
904,0323
905,0323
906,0324
907,0324
908,0325
909,0325
910,0326
911,0326
912,0327
913,0327
914,0328
915,0328
916,0329
917,0329
918,0330
919,0330
920,0330
921,0331
922,0331
923,0332
924,0332
925,0332
926,0333
927,0333
928,0333
929,0333
930,0334
931,0334
932,0334
933,0335
934,0335
935,0336
936,0336
937,0336
938,0337
939,0337
940,0338
941,0338
942,0339
943,0339
944,0340
945,0341
946,0341
947,0342
948,0343
949,0343
950,0343
951,0344
952,0344
953,0344
954,0345
955,0345
956,0345
957,0345
958,0346
959,0346
960,0346
961,0346
962,0346
963,0347
964,0347
965,0347
966,0347
967,0348
968,0348
969,0348
970,0348
971,0349
972,0349
973,0349
974,0350
975,0350
976,0350
977,0350
978,0350
979,0350
980,0351
981,0351
982,0351
983,0352
984,0352
985,0352
986,0353
987,0353
988,0354
989,0354
990,0354
991,0355
992,0355
993,0356
994,0356
995,0357
996,0357
997,0358
998,0359
999,0359
1000,0360
1001,0360
1002,0361
1003,0362
1004,0362
1005,0363
1006,0363
1007,0363
1008,0364
1009,0364
1010,0365
1011,0365
1012,0365
1013,0365
1014,0366
1015,0366
1016,0366
1017,0367
1018,0367
1019,0367
1020,0368
1021,0368
1022,0368
1023,0368
1024,0369
1025,0369
1026,0369
1027,0370
1028,0370
1029,0370
1030,0371
1031,0371
1032,0372
1033,0372
1034,0372
1035,0373
1036,0373
1037,0373
1038,0374
1039,0374
1040,0375
1041,0375
1042,0376
1043,0376
1044,0377
1045,0377
1046,0378
1047,0378
1048,0378
1049,0379
1050,0379
1051,0379
1052,0380
1053,0380
1054,0380
1055,0381
1056,0381
1057,0382
1058,0382
1059,0382
1060,0383
1061,0383
1062,0384
1063,0384
1064,0385
1065,0385
1066,0386
1067,0386
1068,0387
1069,0387
1070,0388
1071,0389
1072,0389
1073,0389
1074,0389
1075,0389
1076,0389
1077,0390
1078,0390
1079,0391
1080,0391
1081,0392
1082,0392
1083,0393
1084,0393
1085,0394
1086,0394
1087,0395
1088,0395
1089,0396
1090,0396
1091,0397
1092,0397
1093,0398
1094,0398
1095,0399
1096,0399
1097,0400
1098,0400
1099,0401
1100,0401
1101,0402
1102,0402
1103,0402
1104,0403
1105,0404
1106,0404
1107,0405
1108,0405
1109,0406
1110,0407
1111,0407
1112,0408
1113,0408
1114,0408
1115,0409
1116,0409
1117,0410
1118,0410
1119,0411
1120,0412
1121,0412
1122,0413
1123,0413
1124,0414
1125,0414
1126,0415
1127,0415
1128,0416
1129,0417
1130,0417
1131,0418
1132,0418
1133,0419
1134,0419
1135,0420
1136,0420
1137,0421
1138,0421
1139,0422
1140,0423
1141,0423
1142,0424
1143,0425
1144,0425
1145,0426
1146,0427
1147,0427
1148,0428
1149,0428
1150,0429
1151,0430
1152,0431
1153,0431
1154,0432
1155,0433
1156,0433
1157,0434
1158,0434
1159,0435
1160,0436
1161,0436
1162,0437
1163,0438
1164,0438
1165,0439
1166,0440
1167,0440
1168,0441
1169,0442
1170,0442
1171,0443
1172,0444
1173,0444
1174,0445
1175,0445
1176,0446
1177,0447
1178,0447
1179,0448
1180,0449
1181,0449
1182,0450
1183,0450
1184,0451
1185,0451
1186,0451
1187,0452
1188,0453
1189,0454
1190,0454
1191,0455
1192,0456
1193,0456
1194,0457
1195,0458
1196,0458
1197,0459
1198,0460
1199,0461
1200,0461
1201,0462
1202,0463
1203,0463
1204,0464
1205,0465
1206,0465
1207,0466
1208,0467
1209,0467
1210,0468
1211,0469
1212,0469
1213,0470
1214,0471
1215,0472
1216,0472
1217,0473
1218,0474
1219,0474
1220,0475
1221,0476
1222,0476
1223,0477
1224,0477
1225,0477
1226,0478
1227,0478
1228,0478
1229,0479
1230,0479
1231,0479
1232,0479
1233,0480
1234,0480
1235,0480
1236,0481
1237,0481
1238,0481
1239,0482
1240,0482
1241,0482
1242,0482
1243,0483
1244,0483
1245,0483
1246,0484
1247,0484
1248,0484
1249,0484
1250,0485
1251,0485
1252,0485
1253,0486
1254,0486
1255,0486
1256,0486
1257,0486
1258,0487
1259,0487
1260,0488
1261,0488
1262,0488
1263,0489
1264,0489
1265,0490
1266,0490
1267,0491
1268,0491
1269,0491
1270,0492
1271,0492
1272,0493
1273,0493
1274,0494
1275,0494
1276,0495
1277,0495
1278,0496
1279,0496
1280,0496
1281,0497
1282,0497
1283,0498
1284,0498
1285,0499
1286,0499
1287,0500
1288,0500
1289,0501
1290,0502
1291,0502
1292,0503
1293,0503
1294,0503
1295,0504
1296,0504
1297,0504
1298,0504
1299,0504
1300,0505
1301,0505
1302,0505
1303,0505
1304,0506
1305,0506
1306,0507
1307,0507
1308,0508
1309,0508
1310,0509
1311,0509
1312,0509
1313,0510
1314,0511
1315,0511
1316,0512
1317,0512
1318,0513
1319,0513
1320,0514
1321,0514
1322,0515
1323,0515
1324,0516
1325,0517
1326,0517
1327,0517
1328,0517
1329,0518
1330,0519
1331,0519
1332,0520
1333,0520
1334,0521
1335,0521
1336,0521
1337,0521
1338,0521
1339,0521
1340,0521
1341,0522
1342,0522
1343,0522
1344,0522
1345,0522
1346,0523
1347,0523
1348,0523
1349,0524
1350,0524
1351,0525
1352,0525
1353,0525
1354,0526
1355,0526
1356,0527
1357,0527
1358,0527
1359,0527
1360,0528
1361,0528
1362,0528
1363,0529
1364,0529
1365,0529
1366,0529
1367,0530
1368,0530
1369,0530
1370,0530
1371,0531
1372,0531
1373,0531
1374,0532
1375,0532
1376,0532
1377,0532
1378,0533
1379,0533
1380,0533
1381,0534
1382,0534
1383,0534
1384,0534
1385,0535
1386,0535
1387,0535
1388,0535
1389,0536
1390,0536
1391,0536
1392,0537
1393,0537
1394,0537
1395,0538
1396,0538
1397,0538
1398,0538
1399,0539
1400,0539
1401,0539
1402,0539
1403,0539
1404,0539
1405,0540
1406,0540
1407,0540
1408,0540
1409,0541
1410,0541
1411,0542
1412,0542
1413,0542
1414,0543
1415,0543
1416,0543
1417,0544
1418,0544
1419,0544
1420,0544
1421,0544
1422,0545
1423,0545
1424,0545
1425,0546
1426,0546
1427,0546
1428,0547
1429,0547
1430,0547
1431,0548
1432,0548
1433,0548
1434,0549
1435,0549
1436,0549
1437,0549
1438,0549
1439,0550
1440,0550
1441,0550
1442,0550
1443,0551
1444,0551
1445,0551
1446,0552
1447,0552
1448,0553
1449,0553
1450,0554
1451,0554
1452,0554
1453,0555
1454,0555
