1077,0001
1078,0001
1079,0002
1080,0002
1081,0003
1082,0004
1083,0004
1084,0007
1085,0008
1086,0010
1087,0010
1088,0011
1089,0011
1090,0015
1091,0015
1092,0016
1093,0017
1094,0018
1095,0018
1096,0021
1097,0022
1098,0022
1099,0023
1100,0024
1101,0025
1102,0026
1103,0026
1104,0028
1105,0028
1106,0028
1107,0029
1108,0029
1109,0029
1110,0029
1111,0030
1112,0030
1113,0032
1114,0032
1115,0032
1116,0033
1117,0035
1118,0035
1119,0035
1120,0036
1121,0038
1122,0038
1123,0038
1124,0039
1125,0040
1126,0041
1127,0042
1128,0042
1129,0042
1130,0043
1131,0043
1132,0044
1133,0044
1134,0046
1135,0046
1136,0049
1137,0049
1138,0050
1139,0052
1140,0052
1141,0053
1142,0054
1143,0055
1144,0056
1145,0060
1146,0060
1147,0060
1148,0061
1149,0062
1150,0063
1151,0064
1152,0064
1153,0069
1154,0069
1155,0069
1156,0070
1157,0071
1158,0074
1159,0074
1160,0075
1161,0075
1162,0076
1163,0076
1164,0076
1165,0077
1166,0077
1167,0077
1168,0078
1169,0082
1170,0082
1171,0083
1172,0083
1173,0083
1174,0084
1175,0084
1176,0084
1177,0084
1178,0085
1179,0088
1180,0088
1181,0089
1182,0089
1183,0090
1184,0090
1185,0091
1186,0091
1187,0094
1188,0094
1189,0094
1190,0095
1191,0095
1192,0095
1193,0099
1194,0099
1195,0099
1196,0100
1197,0100
1198,0103
1199,0103
1200,0103
1201,0104
1202,0105
1203,0106
1204,0108
1205,0109
1206,0109
1207,0110
1208,0111
1209,0111
1210,0116
1211,0116
1212,0117
1213,0120
1214,0123
1215,0123
1216,0124
1217,0126
1218,0126
1219,0130
1220,0130
1221,0134
1222,0134
1223,0135
1224,0135
1225,0136
1226,0136
1227,0137
1228,0137
1229,0138
1230,0138
1231,0139
1232,0139
1233,0140
1234,0140
1235,0143
1236,0143
1237,0143
1238,0144
1239,0144
1240,0145
1241,0145
1242,0147
1243,0147
1244,0148
1245,0148
1246,0149
1247,0149
1248,0150
1249,0150
1250,0151
1251,0151
1252,0152
1253,0153
1254,0153
1255,0154
1256,0154
1257,0155
1258,0155
1259,0156
1260,0157
1261,0158
1262,0158
1263,0158
1264,0159
1265,0160
1266,0160
1267,0160
1268,0161
1269,0161
1270,0162
1271,0163
1272,0163
1273,0164
1274,0165
1275,0165
1276,0165
1277,0166
1278,0166
1279,0166
1280,0166
1281,0167
1282,0168
1283,0168
1284,0169
1285,0172
1286,0172
1287,0173
1288,0173
1289,0173
1290,0173
1291,0174
1292,0174
1293,0174
1294,0174
1295,0175
1296,0175
1297,0175
1298,0175
1299,0176
1300,0177
1301,0177
1302,0177
1303,0181
1304,0181
1305,0182
1306,0185
1307,0187
1308,0190
1309,0190
1310,0191
1311,0191
1312,0192
1313,0192
1314,0192
1315,0193
1316,0193
1317,0193
1318,0194
1319,0194
1320,0194
1321,0196
1322,0196
1323,0196
1324,0197
1325,0197
1326,0197
1327,0199
1328,0199
1329,0199
1330,0200
1331,0200
1332,0201
1333,0201
1334,0202
1335,0202
1336,0203
1337,0203
1338,0209
1339,0209
1340,0210
1341,0210
1342,0211
1343,0213
1344,0213
1345,0214
1346,0214
1347,0214
1348,0215
1349,0215
1350,0215
1351,0215
1352,0217
1353,0217
1354,0217
1355,0217
1356,0219
1357,0219
1358,0221
1359,0221
1360,0221
1361,0222
1362,0222
2363,0225
1364,0225
1365,0225
1366,0226
1367,0227
1368,0229
1369,0229
1370,0229
1371,0230
1327,0230
1373,0231
1374,0231
1375,0234
1376,0234
1377,0235
1378,0235
1379,0238
1380,0238
1381,0239
1382,0239
1383,0240
1384,0240
1385,0241
1386,0241
1387,0243
1388,0243
1389,0243
1390,0244
1391,0246
1392,0251
1393,0251
1394,0252
1395,0254
1396,0255
1397,0255
1398,0256
1399,0258
1400,0259
1401,0259
1402,0259
1403,0260
1404,0261
1405,0262
1406,0262
1407,0264
1408,0264
1409,0265
1410,0265
1411,0265
1412,0266
1413,0266
1414,0267
1415,0267
1416,0268
1417,0269
1418,0270
1419,0270
1420,0271
1421,0271
1422,0272
1423,0272
1424,0274
1425,0274
1426,0274
1427,0275
1428,0277
1429,0278
1430,0279
1431,0282
1432,0284
1433,0284
1434,0284
1435,0285
1436,0285
1437,0286
1438,0286
1439,0287
1440,0287
1441,0288
1442,0289
1443,0289
1444,0290
1445,0291
1446,0291
1447,0292
1448,0294
1449,0296
1450,0296
1451,0299
1452,0299
1453,0301
1454,0303
1455,0304
1456,0304
1457,0305
1458,0305
1459,0307
1460,0309
1461,0310
1462,0310
1463,0311
1464,0311
1465,0312
1466,0316
1467,0316
1468,0317
1469,0317
1470,0320
1471,0320
1472,0323
1473,0323
1474,0324
1475,0324
1476,0328
1477,0329
1478,0330
1479,0333
1480,0334
1481,0334
1482,0334
1483,0335
1484,0335
1485,0337
1486,0337
1487,0338
1488,0338
1489,0340
1490,0341
1491,0342
1492,0344
1493,0344
1494,0344
1425,0345
1496,0345
1497,0345
1498,0346
1499,0346
1500,0347
1501,0347
1502,0350
1503,0350
1504,0350
1505,0351
1506,0351
1507,0354
1508,0354
1509,0355
1510,0355
1511,0356
1512,0358
1513,0359
1514,0361
1515,0364
1516,0364
1517,0364
1518,0366
1519,0366
1520,0367
1521,0371
1522,0372
1523,0374
1524,0375
1525,0376
1526,0378
1527,0379
1528,0379
1529,0381
1530,0382
1531,0385
1532,0385
1533,0386
1534,0388
1535,0388
1536,0388
1537,0389
1538,0389
1539,0389
1540,0390
1541,0390
1542,0390
1543,0392
1544,0392
1545,0393
1546,0393
1547,0393
1548,0394
1549,0394
1550,0396
1551,0396
1552,0397
1553,0397
1554,0398
1555,0399
1556,0399
1557,0402
1558,0402
1559,0402
1560,0403
1561,0406
1562,0406
1563,0407
1564,0408
1565,0408
1566,0409
1567,0411
1568,0413
1569,0414
1570,0416
1571,0416
1572,0416
1573,0417
1574,0417
1575,0418
1576,0418
1577,0419
1578,0421
1579,0423
1580,0424
1581,0424
1582,0425
1583,0425
1584,0426
1585,0426
1586,0429
1587,0429
1588,0430
1589,0430
1590,0430
1591,0431
1592,0431
1593,0432
1594,0434
1595,0434
1596,0436
1597,0436
1598,0436
1599,0437
1600,0437
1601,0437
1602,0437
1603,0438
1604,0438
1605,0438
1606,0438
1607,0439
1608,0439
1609,0439
1610,0440
1611,0441
1612,0441
1613,0441
1614,0442
1615,0444
1616,0447
1617,0449
1618,0449
1619,0451
1620,0453
1621,0454
1622,0456
1623,0457
1624,0457
1625,0459
1626,0459
1627,0460
1628,0460
1629,0461
1630,0464
1631,0464
1632,0465
1633,0465
1634,0468
1635,0468
1636,0470
1637,0470
1638,0471
1639,0476
1640,0476
1641,0477
1642,0477
1643,0477
1644,0477
1645,0478
1646,0480
1647,0480
1648,0480
1649,0480
1650,0481
1651,0481
1652,0481
1653,0482
1654,0483
1655,0484
1656,0484
1657,0486
1658,0490
1659,0493
1660,0493
1661,0494
1662,0495
1663,0496
1664,0496
1665,0496
1666,0497
1667,0498
1668,0499
1669,0499
1670,0499
1671,0500
1672,0500
1673,0501
1674,0502
1675,0503
1676,0503
1677,0504
1678,0504
1679,0506
1680,0506
1681,0507
1682,0509
1683,0509
1684,0510
1685,0510
1686,0511
1687,0512
1688,0512
1689,0515
1690,0515
1691,0515
1692,0516
1693,0516
1644,0517
1695,0519
1696,0519
1696,0519
1697,0520
1698,0520
1699,0523
1700,0524
1701,0528
1702,0528
1703,0529
1704,0529
1705,0533
1706,0533
1707,0534
1708,0536
1709,0536
1710,0536
1711,0537
1712,0537
1713,0539
1714,0539
1715,0539
1716,0540
1717,0540
1718,0542
1719,0542
1720,0542
1721,0543
1722,0545
1723,0545
1724,0545
1725,0546
1726,0548
1727,0548
1728,0549
1729,0551
1730,0551
1731,0551
1732,0552
1733,0556
1734,0556
1735,0557
1736,0557
1737,0559
1738,0559
1739,0560
1740,0562
1741,0562
1742,0562
1743,0563
1744,0563
1745,0565
1746,0565
1747,0567
1748,0569
1749,0569
1750,0572
1751,0572
1752,0574
1753,0575
1754,0577
1755,0580
1756,0580
1757,0580
1758,0581
1759,0581
1760,0582
1761,0582
1762,0582
1763,0583
1764,0586
1765,0586
1766,0587
1767,0590
1768,0590
1769,0591
1770,0591
1771,0595
1772,0595
1773,0596
1774,0598
1775,0600
1776,0601
1777,0602
1778,0602
1779,0605
1780,0605
1781,0608
1782,0608
1783,0610
1784,0611
1785,0614
1786,0614
1787,0616
1788,0618
1783,0618
1791,0619
1792,0621
1793,0621
1794,0622
1795,0622
1796,0623
1797,0623
1798,0624
1799,0625
1800,0625
1801,0629
1802,0629
1803,0629
1804,0630
1805,0630
1806,0632
1807,0632
1808,0633
1809,0635
1810,0635
1811,0636
1812,0636
1813,0639
1814,0642
1815,0642
1816,0642
1817,0643
1818,0645
1819,0645
1820,0645
1821,0646
1822,0646
1823,0650
1824,0650
1825,0651
1826,0653
1827,0653
1828,0654
1829,0655
1830,0655
1831,0658
1832,0659
1833,0662
1834,0662
1835,0663
1836,0665
1837,0665
1838,0667
1839,0667
1840,0668
1841,0670
1842,0671
1843,0671
1844,0671
1845,0674
1846,0676
1847,0679
1848,0679
1849,0680
1850,0680
1851,0683
1852,0683
1853,0684
1854,0684
1855,0687
1856,0687
1857,0687
1858,0689
1859,0689
1860,0690
1861,0692
1862,0692
1863,0693
1864,0693
1865,0695
1866,0695
1867,0696
1868,0698
1869,0700
1870,0700
1871,0700
1872,0703
1873,0703
1874,0704
1875,0704
1876,0705
1877,0705
1878,0707
1879,0707
1880,0708
1881,0708
1882,0711
1883,0711
1884,0713
1885,0714
1886,0714
1887,0714
1888,0715
1889,0716
1890,0716
1891,0716
1892,0719
1893,0721
1894,0721
1895,0722
1896,0722
1897,0722
