1,0001
2,0002
3,0004
4,0007
5,0007
6,0008
7,0009
8,0011
9,0011
10,0014
11,0015
12,0016
13,0017
14,0018
15,0018
16,0020
17,0022
18,0023
19,0023
20,0025
21,0027
22,0028
23,0030
24,0031
25,0031
26,0031
27,0032
28,0032
29,0032
30,0032
31,0043
32,0048
33,0049
34,0049
35,0049
36,0049
37,0049
38,0050
39,0051
40,0053
41,0085
42,0135
43,0167
44,0215
45,0216
46,0216
47,0216
48,0216
49,0217
50,0218
51,0218
52,0218
53,0218
54,0219
55,0220
56,0220
57,0220
58,0221
59,0221
60,0222
61,0222
62,0223
63,0224
64,0225
65,0226
66,0226
67,0226
68,0227
69,0228
70,0228
71,0229
72,0229
73,0232
74,0232
75,0235
76,0236
77,0236
78,0236
79,0237
80,0238
81,0239
82,0239
83,0240
84,0242
85,0244
86,0245
87,0245
88,0246
89,0246
90,0246
91,0247
92,0247
93,0248
94,0248
95,0248
96,0248
97,0249
98,0249
99,0249
100,0250
101,0250
102,0251
103,0251
104,0252
105,0252
106,0253
107,0253
108,0253
109,0253
110,0254
111,0254
112,0254
113,0254
114,0255
115,0255
116,0255
117,0255
118,0255
119,0255
120,0256
121,0256
122,0257
123,0257
124,0258
125,0258
126,0259
127,0260
128,0260
129,0261
130,0261
131,0262
132,0263
133,0264
134,0265
135,0265
136,0265
137,0266
138,0266
139,0267
140,0268
141,0269
142,0269
143,0269
144,0269
145,0269
146,0269
147,0270
148,0272
149,0273
150,0274
151,0274
152,0275
153,0276
154,0277
155,0277
156,0278
157,0278
158,0278
159,0279
160,0279
161,0279
162,0280
163,0280
164,0280
165,0280
166,0282
167,0283
168,0283
169,0284
170,0285
171,0285
172,0286
173,0286
174,0287
175,0287
176,0288
177,0289
178,0290
179,0291
180,0292
181,0295
182,0296
183,0296
184,0296
185,0296
186,0296
187,0297
188,0297
189,0297
190,0298
191,0298
192,0298
193,0299
194,0299
195,0300
196,0300
197,0300
198,0301
199,0301
200,0301
201,0303
202,0303
203,0303
204,0304
205,0305
206,0305
207,0305
208,0306
209,0306
210,0307
211,0308
212,0312
213,0312
214,0313
215,0319
216,0321
217,0321
218,0322
219,0322
220,0324
221,0324
222,0325
223,0326
224,0327
225,0327
226,0328
227,0329
228,0330
229,0331
230,0332
231,0333
232,0334
233,0335
234,0336
235,0337
236,0337
237,0338
238,0339
239,0339
240,0340
241,0340
242,0341
243,0342
244,0345
245,0348
246,0351
247,0354
248,0355
249,0357
250,0359
251,0360
252,0361
253,0365
254,0366
255,0367
256,0368
257,0368
258,0369
259,0370
260,0370
261,0371
262,0371
263,0371
264,0372
265,0373
266,0373
267,0374
268,0376
269,0378
270,0378
271,0379
272,0382
273,0384
274,0387
275,0389
276,0392
277,0395
278,0395
279,0396
280,0397
281,0417
282,0417
283,0418
284,0418
285,0419
286,0419
287,0420
288,0420
289,0420
290,0421
291,0424
292,0425
293,0425
294,0426
295,0426
296,0435
297,0436
298,0436
299,0436
300,0437
301,0438
302,0440
303,0441
304,0442
305,0442
306,0443
307,0445
308,0445
309,0446
310,0447
311,0448
312,0448
313,0449
314,0450
315,0451
316,0451
317,0452
318,0453
319,0459
320,0459
321,0459
322,0460
323,0467
324,0467
325,0473
326,0473
327,0473
328,0475
329,0475
330,0476
331,0482
332,0482
333,0483
334,0484
335,0485
336,0485
337,0486
338,0487
339,0488
340,0488
341,0489
342,0489
343,0490
344,0490
345,0490
346,0490
347,0491
348,0491
349,0491
350,0492
351,0493
352,0493
353,0494
354,0494
355,0495
356,0496
357,0496
358,0496
359,0497
360,0497
361,0498
362,0498
363,0499
364,0499
365,0500
366,0500
367,0501
368,0501
369,0502
370,0502
371,0503
372,0503
373,0504
374,0504
375,0505
376,0507
377,0508
378,0508
379,0509
380,0509
381,0511
382,0513
383,0517
384,0519
385,0522
386,0522
387,0522
388,0523
389,0523
390,0524
391,0524
392,0525
393,0525
394,0525
395,0525
396,0525
397,0527
398,0529
399,0530
400,0530
401,0531
402,0533
403,0536
404,0540
405,0540
406,0542
407,0542
408,0542
409,0543
410,0543
411,0544
412,0544
413,0544
414,0546
415,0549
416,0550
417,0552
418,0557
419,0557
420,0557
421,0560
422,0560
423,0561
424,0563
425,0563
426,0564
427,0567
428,0568
429,0568
430,0568
431,0569
432,0569
433,0571
434,0572
435,0574
436,0575
437,0576
438,0577
439,0578
440,0579
441,0580
442,0582
443,0583
444,0583
445,0584
446,0587
447,0588
448,0589
449,0589
450,0590
451,0590
452,0591
453,0591
454,0592
455,0593
456,0593
457,0593
458,0596
459,0597
460,0598
461,0598
462,0598
463,0599
464,0599
465,0600
466,0601
467,0603
468,0603
469,0604
470,0605
471,0605
472,0609
473,0610
474,0610
475,0611
476,0611
477,0612
478,0612
479,0613
480,0613
481,0614
482,0618
483,0618
484,0619
485,0619
486,0620
487,0620
488,0621
489,0621
490,0621
491,0622
492,0623
493,0623
494,0624
495,0624
496,0624
497,0626
498,0627
499,0628
500,0629
501,0630
502,0631
503,0631
504,0632
505,0632
506,0633
507,0633
508,0633
509,0634
510,0634
511,0635
512,0635
513,0635
514,0638
515,0641
516,0643
517,0646
518,0649
519,0653
520,0653
521,0654
522,0655
523,0656
524,0656
525,0657
526,0658
527,0658
528,0658
529,0658
530,0659
531,0659
532,0660
533,0661
534,0663
535,0664
536,0665
537,0665
538,0666
539,0666
540,0667
541,0667
542,0668
543,0669
544,0670
545,0671
546,0673
547,0674
548,0674
549,0674
550,0675
551,0675
552,0677
553,0678
554,0679
555,0680
556,0681
557,0683
558,0684
559,0684
560,0685
561,0685
562,0685
563,0686
564,0687
565,0690
566,0690
567,0690
568,0690
569,0691
570,0692
571,0692
572,0693
573,0693
574,0694
575,0694
576,0695
577,0695
578,0695
579,0695
580,0695
581,0696
582,0696
583,0696
584,0696
585,0696
586,0697
587,0702
588,0703
589,0709
590,0710
591,0711
592,0711
593,0712
594,0714
595,0714
596,0715
597,0716
598,0716
599,0716
600,0717
601,0719
602,0719
603,0720
604,0721
605,0721
606,0721
607,0722
608,0724
609,0724
610,0725
611,0726
612,0726
613,0726
614,0727
615,0728
616,0729
617,0730
618,0732
619,0732
620,0734
621,0734
622,0736
623,0736
624,0737
625,0737
626,0738
627,0739
628,0739
629,0739
630,0740
631,0741
632,0741
633,0743
634,0744
635,0744
636,0745
637,0745
638,0745
639,0746
640,0746
641,0747
642,0747
643,0747
644,0748
645,0750
646,0750
647,0751
648,0751
649,0751
650,0752
651,0752
652,0752
653,0753
654,0753
655,0753
656,0754
657,0754
