2467,0001
2465,0002
2463,0002
2580,0003
2464,0003
2468,0003
2466,0004
2470,0004
2465,0005
2469,0006
2459,0007
2462,0007
2458,0007
2460,0007
2479,0009
2457,0009
2476,0009
2477,0010
2465,0011
2471,0011
2478,0012
2474,0012
2463,0012
2468,0013
2463,0013
2460,0013
2469,0013
2460,0014
2461,0014
2462,0014
2473,0015
2459,0015
2457,0015
2466,0016
2464,0016
2465,0017
2466,0018
2468,0018
2458,0018
2469,0019
2481,0019
2471,0019
2467,0020
2489,0020
2480,0021
2459,0021
2460,0021
2462,0023
2468,0023
2475,0024
2476,0024
2469,0025
2461,0025
2458,0026
2473,0027
2464,0029
2471,0033
2469,0033
2464,0034
2461,0035
2467,0035
2457,0037
2463,0039
2465,0041
2475,0041
2557,0041
2466,0041
2464,0044
2460,0044
9,0044
2468,0045
2465,0045
2461,0046
2469,0046
2480,0047
2471,0047
2463,0048
2474,0048
2475,0049
2470,0050
2474,0051
2466,0051
2458,0052
2458,0052
2471,0053
2466,0053
2470,0053
2458,0054
2477,0054
2461,0055
2479,0055
2459,0056
2458,0059
2462,0062
2464,0062
2470,0063
2471,0063
2474,0064
2457,0066
2478,0066
2465,0067
2464,0068
2463,0068
2457,0068
2460,0069
2461,0069
2458,0069
2468,0073
2466,0079
2469,0082
2476,0083
2459,0083
2472,0084
2464,0084
2469,0086
2468,0087
2471,0087
2457,0088
2461,0088
2466,0088
2463,0089
2462,0089
2480,0091
2467,0092
2465,0092
2474,0098
2463,0098
2464,0099
2461,0099
2470,0099
2467,0101
2473,0101
2460,0102
2468,0105
2457,0108
2460,0108
2469,0111
2464,0111
2479,0111
2458,0112
2460,0115
2466,0115
2473,0116
2475,0116
2458,0118
2470,0119
2462,0119
2462,0122
2463,0124
2471,0125
2476,0127
2467,0127
2468,0128
2466,0129
2480,0130
2465,0132
2459,0132
2468,0133
2459,0134
2469,0134
2464,0137
2465,0138
2470,0138
2495,0138
2463,0139
2460,0139
2479,0139
2476,0140
2473,0140
2467,0140
2458,0140
2466,0142
2480,0143
2472,0144
2464,0144
2460,0145
2470,0146
2462,0147
2462,0147
2477,0147
2466,0148
2461,0150
2459,0150
2467,0150
2469,0151
2465,0151
2457,0152
2474,0153
2468,0153
2461,0153
2475,0154
2458,0157
2466,0161
2463,0164
2463,0165
2471,0166
2477,0167
24669,0174
2465,0177
2477,0178
2476,0178
2469,0179
2475,0180
2468,0180
2464,0180
2461,0181
2458,0181
2457,0182
2476,0182
2472,0183
2474,0186
2466,0189
2465,0190
2457,0191
2460,0191
2461,0191
2475,0192
2457,0193
2463,0193
