402,0009
403,0014
405,0016
405,0018
406,0020
407,0020
408,0020
409,0020
410,0021
411,0021
412,0025
413,0032
414,0033
415,0034
416,0035
417,0037
418,0038
419,0040
420,0042
421,0045
423,0047
424,0047
423,0052
424,0055
425,0058
426,0061
427,0065
428,0068
429,0071
430,0074
431,0078
432,0081
433,0084
434,0086
434,0090
435,0096
435,0097
436,0102
436,0103
59,0103
437,0105
437,0106
438,0116
439,0118
440,0120
441,0124
442,0127
442,0134
443,0135
444,0139
2,0140
445,0146
446,0152
1,0152
447,0165
448,0179
449,0182
449,0184
450,0187
451,0189
451,0190
452,0194
453,0209
453,0209
2,0210
454,0211
455,0213
459,0248
460,0252
461,0257
1,0259
462,0259
462,0260
462,0261
463,0264
463,0266
463,0266
463,0268
464,0273
465,0303
465,0306
465,0307
465,0308
466,0313
467,0322
468,0335
469,0346
470,0357
471,0367
472,0381
473,0403
473,0404
473,0404
474,0421
