1,0001
2,0001
3,0001
4,0001
5,0002
6,0002
7,0002
8,0002
9,0002
10,0002
11,0003
12,0003
13,0003
14,0004
15,0004
16,0005
17,0005
18,0005
19,0010
20,0011
21,0012
22,0012
23,0012
24,0014
25,0014
26,0014
27,0014
28,0015
29,0015
30,0015
31,0015
32,0016
33,0016
34,0016
35,0016
36,0016
37,0017
38,0017
39,0017
40,0017
41,0017
42,0018
43,0018
44,0018
45,0019
46,0019
47,0019
48,0019
49,0019
50,0020
51,0021
52,0023
53,0023
54,0023
55,0023
56,0024
57,0024
58,0024
59,0025
60,0025
61,0025
62,0026
63,0026
64,0026
65,0027
66,0031
67,0031
68,0031
69,0031
70,0032
71,0032
72,0032
73,0032
74,0033
75,0033
76,0034
77,0034
78,0035
79,0035
80,0035
81,0035
82,0037
83,0037
84,0037
85,0037
86,0037
87,0038
88,0038
89,0038
90,0038
91,0039
92,0039
93,0045
94,0047
95,0047
1,0047
96,0047
97,0048
98,0048
99,0048
100,0048
101,0048
102,0048
103,0048
104,0049
105,0049
106,0049
107,0050
108,0051
109,0051
110,0051
111,0052
112,0052
113,0052
114,0053
115,0053
116,0053
117,0053
118,0053
119,0053
120,0054
2,0054
121,0054
122,0054
123,0054
124,0054
125,0054
126,0055
127,0055
128,0055
129,0055
130,0056
131,0056
132,0056
133,0056
134,0057
135,0057
136,0057
137,0058
138,0058
139,0058
140,0058
141,0058
142,0059
143,0059
144,0059
145,0059
146,0059
147,0059
148,0060
149,0061
150,0061
151,0061
152,0061
153,0062
154,0062
155,0063
156,0063
157,0063
158,0063
159,0064
160,0064
161,0065
162,0065
163,0068
164,0068
165,0068
166,0068
167,0069
168,0069
169,0070
170,0070
171,0070
172,0070
173,0070
174,0070
175,0070
176,0071
177,0071
178,0071
179,0072
180,0072
181,0072
182,0073
183,0074
184,0074
185,0074
186,0074
187,0074
188,0074
189,0074
190,0075
191,0075
192,0075
193,0075
194,0075
195,0076
196,0076
197,0076
198,0077
199,0077
200,0077
201,0078
202,0078
203,0078
204,0078
205,0079
206,0079
207,0079
208,0079
209,0079
210,0079
211,0080
212,0081
213,0081
214,0081
215,0081
216,0081
217,0081
218,0082
219,0082
220,0082
221,0082
222,0082
223,0082
224,0083
225,0083
226,0083
227,0084
228,0084
229,0085
230,0085
231,0085
232,0085
233,0085
234,0085
235,0085
236,0085
237,0085
238,0086
239,0086
240,0086
241,0086
242,0086
243,0087
244,0087
245,0087
246,0087
247,0087
248,0087
249,0088
250,0088
251,0088
252,0088
253,0088
254,0089
255,0089
256,0089
257,0089
258,0089
259,0090
260,0090
261,0090
262,0091
263,0092
264,0092
265,0092
266,0092
267,0093
268,0093
269,0093
270,0093
271,0094
272,0094
273,0094
274,0095
275,0095
276,0096
277,0096
278,0097
279,0097
280,0098
281,0098
282,0098
283,0099
284,0099
285,0099
286,0100
287,0101
288,0103
289,0103
290,0104
291,0104
292,0105
293,0105
294,0105
295,0105
296,0106
297,0108
298,0110
299,0111
300,0112
301,0114
302,0114
303,0115
304,0115
6,0115
305,0116
306,0116
2,0117
307,0119
308,0119
309,0120
310,0120
311,0122
312,0124
313,0126
314,0129
315,0130
316,0130
317,0130
318,0130
319,0131
320,0131
321,0131
322,0131
323,0132
324,0132
325,0132
326,0132
327,0132
328,0132
329,0133
330,0133
331,0133
332,0133
333,0133
334,0134
335,0134
336,0135
337,0135
338,0135
339,0135
340,0136
341,0136
342,0136
343,0137
344,0137
345,0137
346,0138
347,0138
348,0138
349,0138
350,0138
351,0139
352,0139
353,0139
354,0139
355,0139
356,0140
357,0140
358,0140
359,0140
360,0141
361,0142
362,0142
363,0142
364,0143
365,0143
366,0144
367,0144
368,0144
369,0144
370,0144
371,0145
372,0145
373,0145
374,0145
375,0145
376,0146
377,0146
378,0146
379,0146
380,0147
381,0147
382,0147
383,0147
384,0148
385,0148
386,0148
387,0148
388,0148
389,0149
390,0149
391,0149
392,0150
393,0151
394,0153
395,0153
396,0153
397,0153
398,0153
399,0153
400,0153
401,0154
402,0155
403,0155
404,0155
405,0155
406,0156
407,0156
408,0156
409,0157
410,0157
411,0157
412,0157
413,0158
414,0158
415,0158
416,0158
417,0159
418,0159
419,0160
420,0160
421,0160
422,0160
423,0160
424,0160
425,0161
426,0161
427,0161
428,0161
429,0161
430,0161
431,0161
432,0161
433,0161
434,0161
435,0162
436,0162
437,0162
438,0163
439,0163
440,0164
441,0164
442,0165
443,0165
444,0165
445,0166
446,0166
447,0166
448,0166
449,0166
450,0167
451,0167
452,0168
453,0168
454,0178
455,0179
456,0179
457,0179
458,0179
459,0180
460,0180
461,0180
462,0180
463,0180
464,0180
465,0180
466,0181
467,0181
468,0181
469,0181
470,0181
471,0182
472,0182
473,0182
474,0183
475,0183
476,0183
477,0183
478,0183
479,0184
480,0184
481,0184
482,0185
483,0185
484,0185
485,0186
486,0186
487,0186
488,0186
489,0186
490,0187
491,0188
492,0188
493,0188
494,0188
495,0189
496,0189
497,0189
498,0189
499,0189
500,0190
501,0190
502,0190
503,0190
504,0190
505,0190
506,0191
507,0191
508,0191
509,0191
510,0191
511,0191
512,0192
513,0192
514,0192
515,0193
516,0194
517,0195
518,0195
519,0195
520,0196
521,0196
522,0196
523,0196
1,0196
524,0196
525,0198
526,0198
527,0199
528,0199
529,0199
530,0199
531,0200
532,0200
533,0200
534,0200
535,0201
536,0201
537,0201
538,0201
539,0201
540,0201
541,0202
542,0202
543,0202
544,0202
545,0203
546,0203
547,0203
548,0204
549,0204
550,0204
551,0205
552,0205
553,0205
554,0206
555,0206
556,0206
557,0207
558,0207
559,0207
560,0208
561,0208
562,0208
563,0209
564,0209
565,0210
566,0210
567,0211
568,0211
569,0212
570,0212
571,0212
572,0213
573,0213
574,0213
575,0214
576,0214
577,0214
578,0215
579,0216
580,0216
581,0216
582,0217
583,0218
584,0218
585,0219
586,0219
587,0219
588,0220
589,0220
590,0220
3,0220
591,0220
592,0221
593,0221
594,0221
595,0222
596,0222
597,0222
598,0223
599,0223
600,0223
601,0224
602,0224
603,0224
604,0224
605,0225
606,0225
607,0225
608,0225
609,0226
610,0226
611,0227
612,0227
613,0227
614,0227
615,0228
616,0228
617,0228
618,0228
619,0228
620,0228
621,0228
622,0229
623,0229
624,0229
625,0229
626,0229
627,0230
628,0230
629,0230
630,0230
631,0230
632,0230
633,0231
634,0231
635,0232
636,0232
637,0232
638,0233
639,0233
640,0233
641,0233
642,0233
643,0233
644,0233
645,0233
646,0233
647,0234
648,0235
649,0235
650,0235
651,0235
652,0236
653,0236
654,0236
655,0236
656,0236
657,0236
658,0236
659,0237
660,0238
661,0238
662,0238
663,0239
664,0239
665,0239
666,0241
667,0241
668,0241
669,0241
670,0242
671,0242
672,0242
673,0242
674,0242
675,0243
676,0243
677,0243
678,0243
679,0243
680,0243
681,0243
682,0244
683,0244
684,0244
685,0244
686,0244
687,0245
688,0245
689,0245
690,0245
691,0245
692,0246
693,0246
694,0246
695,0247
696,0247
697,0247
698,0247
699,0248
700,0248
701,0248
702,0248
703,0248
704,0248
705,0248
706,0248
707,0249
708,0249
709,0249
710,0249
711,0249
712,0249
713,0249
714,0250
715,0250
716,0250
717,0250
718,0250
719,0250
720,0251
721,0251
722,0251
723,0251
724,0251
725,0251
726,0251
727,0252
728,0252
729,0252
730,0252
731,0252
732,0253
733,0253
734,0253
735,0253
736,0253
737,0254
738,0254
739,0254
740,0254
741,0254
742,0254
743,0254
744,0254
745,0255
746,0255
747,0255
748,0255
749,0255
750,0256
751,0256
752,0256
753,0256
754,0256
755,0256
756,0256
757,0257
758,0257
759,0257
760,0258
761,0258
762,0258
763,0258
764,0259
765,0259
766,0259
767,0259
768,0260
769,0260
770,0260
771,0260
772,0265
773,0270
774,0272
775,0272
776,0272
777,0273
778,0273
779,0273
780,0273
781,0273
782,0274
783,0274
784,0274
785,0274
786,0275
787,0275
788,0275
789,0276
790,0276
791,0276
792,0276
793,0276
794,0276
795,0276
796,0277
797,0277
798,0277
3,0277
799,0278
800,0278
801,0279
3,0279
802,0279
803,0280
804,0280
805,0280
806,0280
807,0280
808,0280
809,0280
810,0281
811,0281
812,0281
813,0282
814,0283
815,0284
816,0285
817,0285
818,0285
819,0286
820,0287
821,0287
822,0287
823,0288
824,0288
825,0288
826,0288
827,0289
828,0289
829,0290
830,0290
831,0290
832,0291
833,0291
834,0292
835,0292
836,0293
837,0293
838,0293
839,0293
840,0294
841,0294
842,0294
843,0295
844,0295
845,0295
846,0296
847,0297
848,0297
849,0297
850,0297
851,0298
852,0299
853,0299
854,0299
855,0299
856,0300
857,0300
858,0300
859,0301
860,0301
861,0301
862,0303
863,0303
864,0304
865,0306
866,0307
867,0307
868,0307
869,0307
870,0308
871,0308
872,0308
873,0308
874,0308
875,0309
876,0309
877,0309
878,0310
879,0310
880,0310
881,0311
882,0311
883,0311
884,0311
885,0312
886,0312
887,0312
888,0312
889,0313
890,0313
891,0314
892,0315
893,0315
894,0315
895,0316
896,0316
897,0316
898,0316
899,0316
900,0317
901,0317
902,0317
903,0317
904,0318
905,0318
906,0318
907,0318
908,0318
909,0319
910,0319
911,0319
912,0321
913,0321
914,0322
915,0323
916,0323
917,0323
918,0323
919,0324
920,0324
921,0324
922,0324
923,0324
924,0325
925,0325
926,0325
927,0325
928,0326
929,0326
930,0326
931,0327
932,0327
933,0328
934,0328
935,0328
936,0329
937,0329
938,0329
939,0329
940,0330
941,0330
942,0330
943,0330
944,0330
945,0330
946,0331
947,0331
948,0331
949,0332
950,0332
951,0332
952,0333
953,0333
954,0333
955,0333
956,0334
957,0335
958,0335
959,0335
960,0336
961,0336
962,0336
963,0336
964,0337
965,0337
966,0338
967,0338
968,0338
969,0339
970,0339
971,0339
972,0340
5,0340
973,0340
974,0341
975,0341
976,0341
977,0341
978,0342
979,0343
980,0343
981,0343
982,0343
983,0344
984,0344
985,0344
986,0345
987,0345
988,0345
989,0346
990,0346
991,0347
992,0347
993,0348
994,0348
995,0348
996,0348
997,0349
998,0350
999,0350
1000,0350
1001,0350
1002,0351
1003,0351
1004,0351
1005,0352
1006,0352
1007,0352
1008,0352
1009,0353
1010,0353
1011,0353
1012,0354
1013,0354
1014,0354
1015,0354
1016,0355
1017,0355
2,0355
1018,0355
1019,0355
1020,0356
1021,0356
1022,0356
1023,0356
1024,0357
1025,0357
1026,0357
1027,0358
1028,0358
1029,0358
1030,0358
1031,0359
1032,0359
2,0359
1033,0359
1034,0359
1035,0360
1036,0360
1037,0360
1038,0361
1039,0361
1040,0361
1041,0362
1042,0362
1043,0363
1044,0364
1045,0365
1046,0365
1047,0365
1048,0365
1049,0366
1050,0366
1051,0366
1052,0367
1053,0367
1054,0367
1055,0367
1056,0367
1057,0367
1058,0368
1059,0368
1060,0369
1061,0369
1062,0369
1063,0369
1064,0370
1065,0370
1066,0371
1067,0371
1068,0371
1069,0371
1070,0371
1071,0371
1072,0372
1073,0372
1074,0372
1075,0372
1076,0372
1077,0373
1078,0375
1079,0376
1080,0376
1081,0376
1082,0379
1083,0380
1084,0382
1085,0383
1086,0383
1087,0383
1088,0383
1089,0384
1090,0384
1091,0384
1092,0384
1093,0385
1094,0387
1095,0387
1096,0387
1097,0388
1098,0388
1099,0388
1100,0388
1101,0389
1102,0389
1103,0389
1104,0389
1105,0389
1106,0389
1107,0389
1108,0389
1109,0390
1110,0390
1111,0390
1112,0390
1113,0390
1114,0391
1115,0391
1116,0392
1117,0392
1118,0392
1119,0392
1120,0392
1121,0393
1122,0393
1123,0394
1,0395
1124,0396
1125,0396
1126,0396
1127,0396
1128,0397
1129,0397
1130,0397
1131,0397
1132,0398
1133,0398
1134,0398
1135,0399
1136,0400
1137,0401
1138,0401
1139,0402
1140,0402
1141,0405
1142,0405
1143,0405
1144,0405
1145,0406
1146,0406
1147,0406
1148,0407
1149,0407
1150,0408
1151,0408
1152,0409
1153,0410
1154,0411
1155,0411
1156,0412
1157,0414
1158,0414
1159,0414
1160,0414
1161,0414
1162,0415
1163,0415
1164,0415
1165,0416
1166,0416
1167,0416
1168,0416
1169,0416
1170,0416
1171,0417
1172,0417
1173,0418
1174,0419
1175,0420
1176,0420
1177,0421
1178,0421
1179,0422
1180,0422
1181,0422
1182,0423
1183,0424
1184,0424
1185,0426
1186,0426
1187,0427
1188,0428
1189,0428
1190,0428
1191,0429
1192,0430
1193,0430
1194,0431
1195,0431
1196,0431
1197,0431
1198,0432
1199,0432
1200,0432
1201,0432
1202,0433
1203,0433
1204,0433
1205,0434
1206,0434
1207,0434
1208,0434
1209,0435
1210,0435
1211,0435
1212,0436
1213,0436
1214,0437
1215,0437
1216,0437
1217,0437
1218,0438
1219,0438
1220,0438
1221,0438
1222,0438
1223,0438
1224,0438
1225,0439
1226,0439
1227,0439
1228,0439
1229,0439
1230,0439
1231,0440
1232,0440
1233,0440
1234,0440
1235,0441
1236,0441
1237,0442
1238,0442
1239,0443
1240,0444
1241,0444
1242,0445
1243,0445
1244,0445
1245,0445
1246,0446
1247,0446
1248,0446
1249,0446
1250,0446
1251,0447
1252,0447
1253,0447
1254,0447
1255,0447
1256,0447
1257,0448
1258,0448
1259,0448
1260,0448
1261,0448
1262,0449
1263,0449
1264,0449
1265,0450
1266,0451
1267,0451
1268,0452
1269,0453
