843,0001
844,0002
845,0003
846,0003
847,0004
848,0004
849,0005
850,0005
851,0006
852,0008
853,0008
854,0008
855,0008
856,0008
857,0008
858,0010
859,0010
860,0011
861,0011
862,0011
863,0011
864,0013
865,0013
866,0013
867,0013
868,0014
869,0014
870,0016
871,0016
872,0016
873,0016
874,0016
875,0016
876,0017
877,0017
878,0019
879,0019
880,0020
881,0020
882,0022
883,0022
884,0024
885,0024
886,0025
887,0025
888,0025
889,0025
890,0027
891,0027
892,0028
893,0028
894,0029
895,0029
896,0029
897,0030
898,0031
899,0032
900,0032
901,0038
902,0039
903,0039
904,0039
905,0039
906,0040
907,0040
908,0040
909,0041
910,0041
911,0041
912,0042
913,0042
914,0044
915,0045
916,0045
917,0046
918,0046
919,0046
920,0046
921,0047
922,0047
923,0047
924,0048
925,0048
926,0048
927,0049
928,0049
929,0049
930,0049
931,0050
932,0050
933,0050
934,0050
935,0050
936,0050
937,0051
938,0051
939,0051
940,0051
941,0051
942,0051
943,0051
944,0051
945,0052
946,0052
947,0052
948,0052
949,0052
950,0052
951,0053
952,0053
953,0053
954,0053
955,0053
956,0055
957,0055
958,0056
959,0056
960,0057
961,0057
962,0062
963,0062
968,0062
965,0063
966,0066
967,0066
968,0066
969,0066
970,0066
971,0067
972,0067
973,0067
974,0067
975,0070
976,0071
977,0071
978,0071
979,0071
980,0072
981,0072
982,0072
983,0073
984,0073
985,0074
986,0074
987,0075
988,0076
989,0076
990,0076
991,0077
992,0077
993,0078
994,0078
995,0078
996,0078
997,0078
998,0079
999,0079
1000,0079
1001,0079
1002,0079
1003,0080
1004,0080
1005,0080
1006,0080
1007,0080
1008,0081
1009,0081
1010,0081
1011,0081
1012,0082
1013,0082
1014,0082
1015,0082
1016,0083
1017,0083
1018,0083
1019,0083
1020,0083
1021,0084
1022,0084
1023,0086
1024,0086
1025,0086
1026,0086
1027,0087
1028,0087
1029,0087
1030,0088
1031,0088
1032,0089
1033,0089
1034,0089
1035,0089
1036,0090
1037,0090
1038,0091
1039,0091
1040,0092
1041,0092
1042,0092
1043,0092
1044,0093
1045,0093
1046,0093
1047,0094
1048,0094
1089,0094
1050,0095
1051,0095
1052,0096
1053,0096
1054,0096
1055,0096
1056,0096
1057,0097
1058,0097
1059,0097
1060,0097
1061,0098
1062,0099
1063,0100
1064,0100
1065,0101
1066,0101
1067,0101
1068,0102
1069,0102
1070,0103
1071,0103
1072,0103
1073,0104
1074,0104
1075,0104
1076,0104
1077,0105
1078,0105
1079,0105
1080,0105
1081,0105
1082,0106
1083,0107
1084,0107
1085,0107
1086,0107
1087,0108
1088,0108
1089,0108
1090,0109
1091,0110
1092,0110
1093,0111
1094,0111
1095,0111
1096,0111
1097,0112
1098,0112
1099,0113
1100,0113
1101,0113
1102,0113
1103,0114
1104,0114
1105,0114
1106,0114
1107,0115
1108,0116
1109,0117
1110,0118
1111,0119
1112,0119
1113,0120
1114,0121
1115,0121
1116,0122
1117,0123
1118,0124
1119,0125
1120,0125
1121,0125
1122,0125
1123,0126
1124,0126
1125,0127
1126,0127
1127,0127
1128,0127
1129,0127
1130,0128
1131,0129
1132,0129
1133,0130
1134,0130
1135,0130
1136,0138
1137,0138
1138,0138
1139,0138
1140,0139
1141,0139
1142,0139
1143,0139
1144,0140
1145,0140
1146,0141
1147,0142
1148,0143
1149,0143
1150,0143
1151,0144
1152,0144
1153,0144
1154,0148
1155,0148
1156,0149
1157,0149
1158,0149
1159,0150
1160,0150
1161,0150
1162,0152
1163,0152
1164,0152
1165,0152
1166,0153
1167,0153
1168,0153
1169,0154
1170,0155
1171,0155
1172,0156
1173,0157
1174,0157
1175,0158
1176,0158
1177,0158
1178,0158
1179,0159
1180,0160
1181,0160
1182,0160
1183,0160
1184,0160
1185,0160
1186,0161
1187,0161
1188,0162
1189,0162
1190,0162
1191,0162
1192,0162
1193,0162
1194,0162
1195,0162
1196,0162
1197,0163
1198,0163
1199,0163
1200,0163
1201,0163
1202,0163
1203,0163
1204,0163
1205,0169
1206,0170
1207,0170
1208,0170
1209,0171
1210,0171
1211,0171
1212,0172
1213,0172
1214,0172
1215,0174
1216,0174
1217,0175
1218,0175
1219,0176
1220,0176
1221,0177
1222,0177
1223,0177
1224,0177
1225,0178
1226,0178
1227,0178
1228,0178
1229,0178
1230,0179
1231,0179
1232,0179
1233,0179
1234,0180
1235,0180
1236,0180
1237,0180
1238,0181
1239,0181
1240,0181
1241,0181
1242,0182
1243,0182
1244,0182
1245,0183
1246,0183
1247,0184
1248,0184
1249,0185
1250,0185
1251,0186
1252,0186
1253,0187
1254,0187
1255,0187
1256,0188
1257,0188
1258,0189
1259,0189
1260,0189
1261,0190
1262,0190
1263,0191
1264,0191
1265,0191
1266,0191
1267,0191
1268,0192
1269,0192
1270,0193
1271,0193
1272,0194
1273,0195
1274,0195
1275,0195
1276,0196
1277,0196
1278,0197
1279,0198
1280,0199
1282,0200
1283,0201
1284,0201
1285,0203
1286,0203
1287,0204
1288,0204
1289,0205
1290,0205
1291,0205
1292,0206
1293,0206
1294,0207
1295,0207
1296,0208
1297,0208
1298,0209
1299,0209
1300,0210
1301,0211
1302,0211
1303,0211
1305,0213
1306,0213
1307,0215
1308,0215
1309,0216
1310,0216
1311,0217
1312,0217
1313,0217
1314,0218
1315,0218
1316,0218
1317,0219
1318,0219
1319,0219
1320,0219
1321,0221
1322,0221
1323,0221
1324,0221
1325,0221
1326,0222
1327,0223
1328,0223
1329,0223
1330,0223
1331,0224
1332,0224
1333,0224
1334,0224
1335,0224
1336,0224
1337,0224
1338,0224
1339,0224
1340,0225
1341,0225
1342,0225
1343,0225
1344,0225
1345,0225
1346,0225
1347,0226
1348,0228
1349,0228
1350,0229
1351,0229
1352,0229
1353,0230
1354,0230
1355,0239
1356,0239
1357,0240
1358,0240
1359,0241
1360,0241
1361,0242
1362,0242
1363,0248
1364,0248
1365,0248
1366,0249
1367,0249
1368,0249
1369,0251
1370,0251
1371,0251
1372,0252
1373,0252
1374,0252
1375,0252
1376,0253
1377,0253
1378,0253
1379,0253
1380,0254
1381,0254
1382,0254
1383,0255
1384,0256
1385,0256
1386,0256
1387,0257
1388,0257
1389,0257
1390,0257
1391,0258
1392,0258
1393,0258
1394,0258
1395,0258
1396,0258
1397,0259
1398,0259
1399,0261
1400,0261
1401,0262
1402,0262
1403,0263
1404,0263
1405,0264
1406,0264
1407,0265
1408,0265
1409,0266
1410,0266
1411,0268
1412,0268
1413,0269
1414,0272
1415,0272
1416,0274
1417,0274
1418,0274
1419,0275
1420,0275
1421,0275
1822,0276
1423,0276
1424,0276
1425,0277
1426,0278
1427,0279
1428,0279
1429,0279
1430,0279
1431,0279
1432,0279
1433,0280
1434,0281
1435,0281
1436,0281
1437,0282
1438,0282
1439,0282
1440,0282
1441,0283
1442,0283
1443,0283
1444,0283
1445,0284
1446,0284
1447,0284
1448,0285
1449,0285
1450,0285
1451,0285
1452,0286
1453,0286
1454,0291
1455,0291
1456,0292
1457,0292
1458,0292
1459,0292
1460,0293
1461,0293
1462,0294
1463,0294
1464,0295
1465,0295
1466,0296
1467,0296
1468,0296
1469,0297
1470,0298
1471,0298
1472,0298
1473,0301
1474,0301
1475,0302
1476,0302
1477,0303
1478,0303
1479,0303
1480,0304
1481,0306
1482,0311
1483,0311
1484,0312
1485,0313
1486,0313
1487,0314
1488,0314
1489,0314
1490,0315
1491,0315
1492,0316
1493,0317
1494,0318
1495,0318
1496,0319
1497,0319
1498,0321
1499,0321
1500,0321
1501,0322
1502,0322
1503,0323
1504,0323
1505,0323
1506,0324
1507,0325
1508,0325
1509,0326
1510,0327
1511,0328
1512,0328
1513,0329
1514,0329
1515,0329
1516,0330
1517,0330
1518,0330
1519,0331
1520,0331
1521,0331
1522,0331
1523,0332
1524,0332
1525,0332
1526,0332
1527,0334
1528,0334
1529,0335
1530,0335
1531,0335
1532,0335
1533,0336
1534,0336
1535,0336
1536,0336
1537,0338
1538,0338
1539,0339
1540,0339
1541,0339
1542,0340
1543,0340
1544,0340
1545,0340
1546,0341
1547,0341
1548,0342
1549,0343
1550,0343
1551,0344
1552,0344
1553,0344
1554,0344
1555,0345
1556,0345
1557,0345
1558,0345
1559,0345
1560,0345
1561,0346
1562,0346
1563,0346
1564,0346
1565,0346
1566,0347
1567,0347
1568,0348
1569,0349
1570,0349
1571,0349
1572,0350
1573,0351
1574,0352
1575,0353
1576,0353
1577,0353
1578,0354
1579,0354
1580,0355
1581,0355
1582,0355
1583,0356
1584,0357
1585,0358
1586,0359
1587,0360
1588,0362
1589,0363
1590,0364
1591,0364
1592,0365
1593,0365
1594,0365
1595,0366
1596,0367
1597,0367
1598,0367
1599,0368
1600,0368
1601,0369
1602,0369
1603,0372
1604,0372
1605,0373
1606,0373
1607,0374
1608,0375
1609,0375
1610,0376
1611,0377
1612,0377
1613,0378
1614,0379
1615,0380
1616,0380
1617,0381
1618,0382
1619,0382
1620,0383
1621,0384
1622,0384
1623,0385
1624,0385
1625,0387
1626,0388
1627,0390
1628,0391
1629,0391
1630,0391
1631,0392
1632,0392
1633,0392
1634,0394
1635,0395
1636,0395
1637,0395
1638,0396
1639,0396
1640,0397
1641,0398
1642,0398
1643,0398
1644,0399
1645,0399
1646,0399
1647,0400
1648,0400
1649,0400
1650,0401
1651,0401
1652,0401
1653,0402
1654,0404
1655,0406
1656,0407
1657,0408
1658,0409
1659,0410
1660,0412
1661,0413
1662,0414
1663,0415
1664,0420
1665,0420
1666,0421
1667,0421
1668,0421
1669,0421
1670,0422
1671,0422
1672,0423
1673,0423
1674,0427
1675,0428
1676,0428
1677,0428
1678,0429
1679,0429
1680,0429
1681,0429
1682,0429
1683,0429
1684,0430
1685,0430
1686,0430
1687,0430
1688,0430
1689,0430
1690,0431
1691,0431
1692,0432
1693,0432
1694,0433
1695,0434
1696,0434
1697,0436
1698,0438
1699,0438
1700,0439
1701,0440
1702,0440
1703,0441
1704,0442
1705,0443
1706,0443
1707,0444
1708,0445
1709,0446
1710,0446
1711,0447
1712,0449
1713,0449
1714,0450
1715,0451
1716,0452
1717,0453
1718,0454
1719,0455
1720,0456
1721,0457
1722,0458
1723,0458
1724,0460
1725,0462
1726,0463
1727,0463
1728,0465
1729,0465
1730,0466
1731,0467
1732,0467
1733,0468
1734,0468
1735,0469
1736,0469
1737,0471
1738,0471
1739,0473
1740,0473
1741,0474
1742,0474
1743,0475
1744,0476
1745,0478
1746,0479
1747,0481
1748,0482
1749,0482
1750,0483
1751,0484
1752,0485
1753,0485
1754,0486
1755,0487
1756,0487
1757,0489
1758,0490
1759,0490
1760,0491
1761,0491
1762,0492
1763,0492
1764,0492
1765,0493
1766,0494
1767,0494
1768,0494
1769,0495
1770,0495
1771,0495
1772,0496
1773,0496
1774,0496
1775,0497
1776,0498
1777,0498
1778,0498
779,0499
1780,0499
1781,0499
1782,0500
1783,0500
1784,0500
1785,0501
1786,0502
1787,0502
1788,0502
1789,0502
1790,0502
1791,0502
1792,0503
1793,0503
1794,0503
1795,0503
1796,0504
1797,0504
1798,0504
1799,0504
1800,0504
1801,0504
1802,0505
1803,0505
