359,0001
360,0001
361,0003
362,0003
363,0004
364,0004
365,0006
366,0007
367,0009
368,0009
369,0010
370,0011
371,0012
372,0012
373,0013
374,0015
375,0015
376,0015
377,0016
378,0016
379,0017
380,0017
381,0018
382,0019
383,0020
384,0020
385,0020
386,0021
387,0022
388,0022
389,0023
390,0024
391,0026
392,0027
393,0027
394,0027
395,0029
396,0029
397,0030
398,0031
399,0033
400,0033
401,0034
402,0034
403,0034
404,0035
405,0036
406,0036
407,0036
408,0037
409,0037
410,0038
411,0039
412,0039
413,0040
414,0040
415,0040
416,0041
417,0041
418,0042
419,0042
420,0042
421,0042
422,0043
423,0043
421,0043
425,0046
426,0047
427,0048
428,0049
429,0049
430,0052
431,0052
432,0052
433,0052
434,0052
435,0053
436,0053
437,0053
438,0057
439,0058
440,0058
441,0059
442,0059
443,0060
444,0061
445,0061
446,0061
447,0062
448,0062
449,0062
450,0062
451,0063
452,0063
453,0063
454,0063
455,0064
456,0064
457,0064
458,0066
459,0066
460,0068
461,0068
462,0068
463,0069
464,0069
465,0069
466,0069
467,0070
468,0071
469,0071
470,0072
471,0072
472,0073
473,0073
474,0074
475,0074
476,0075
477,0075
478,0076
479,0077
480,0077
481,0078
482,0078
483,0079
484,0080
485,0081
486,0081
487,0082
488,0082
489,0083
490,0083
491,0085
492,0085
493,0085
494,0086
495,0086
496,0087
497,0088
498,0090
499,0091
500,0092
501,0093
502,0094
503,0095
504,0096
505,0097
506,0098
507,0099
508,0100
509,0101
510,0102
511,0103
512,0104
513,0106
514,0107
515,0108
516,0109
517,0110
518,0111
519,0112
520,0113
521,0114
522,0115
523,0116
524,0117
525,0118
526,0119
527,0119
528,0121
529,0121
530,0123
531,0124
532,0124
533,0125
534,0126
535,0127
536,0128
537,0129
538,0129
539,0130
540,0130
541,0132
542,0133
543,0133
544,0133
545,0134
546,0136
547,0136
548,0137
549,0137
550,0138
551,0138
552,0140
553,0140
554,0141
555,0141
556,0142
557,0142
558,0145
559,0145
560,0148
561,0148
562,0148
563,0149
564,0149
565,0149
566,0150
567,0150
568,0151
569,0151
570,0151
571,0159
572,0159
573,0160
574,0160
575,0160
576,0161
577,0165
578,0165
579,0166
580,0168
581,0169
582,0170
583,0172
584,0172
585,0174
586,0177
587,0178
588,0178
589,0179
590,0180
591,0180
592,0181
593,0184
594,0185
595,0186
596,0187
597,0188
598,0189
599,0190
600,0191
601,0191
602,0192
603,0193
604,0194
605,0195
606,0196
607,0196
608,0198
609,0199
610,0199
611,0200
612,0200
613,0201
614,0201
615,0202
616,0203
617,0203
618,0203
619,0204
620,0207
621,0208
622,0209
623,0212
624,0212
625,0212
626,0213
627,0215
628,0218
629,0220
630,0221
631,0221
632,0222
633,0222
634,0223
635,0223
636,0224
637,0224
638,0225
639,0225
640,0226
641,0226
642,0227
643,0227
644,0228
645,0229
646,0229
647,0230
648,0231
649,0234
650,0235
651,0237
652,0238
653,0238
654,0239
655,0240
656,0241
657,0241
658,0242
659,0243
660,0244
661,0245
662,0245
663,0245
664,0246
665,0247
666,0248
667,0249
668,0250
669,0251
670,0252
671,0253
672,0254
673,0255
674,0260
675,0261
676,0261
677,0261
678,0261
679,0261
680,0261
681,0261
682,0262
683,0262
684,0262
685,0263
686,0263
687,0264
688,0264
689,0264
690,0264
691,0264
692,0264
693,0264
694,0265
695,0265
696,0265
697,0265
698,0265
699,0266
700,0266
701,0266
702,0266
703,0266
704,0266
705,0267
706,0267
707,0267
708,0267
709,0267
710,0268
711,0268
712,0268
713,0268
714,0268
715,0269
716,0269
717,0269
718,0269
719,0269
720,0270
721,0270
722,0270
723,0270
724,0271
725,0271
726,0271
727,0271
728,0271
729,0271
730,0272
731,0272
732,0272
733,0272
734,0272
735,0272
736,0273
737,0273
738,0273
739,0273
740,0273
741,0273
742,0274
743,0274
744,0274
745,0274
746,0274
747,0274
748,0275
749,0275
750,0275
851,0275
752,0280
753,0280
754,0281
755,0282
756,0282
757,0283
758,0284
759,0285
760,0286
761,0287
762,0290
763,0291
764,0291
765,0293
766,0293
767,0294
768,0295
769,0295
770,0295
771,0296
772,0298
773,0299
774,0299
775,0300
776,0301
777,0301
778,0302
779,0302
780,0303
781,0304
782,0304
783,0304
784,0305
785,0305
786,0305
787,0306
788,0306
789,0308
790,0309
791,0309
792,0310
793,0311
794,0311
795,0312
796,0313
797,0314
798,0315
799,0315
800,0317
801,0318
802,0319
803,0320
