1,0001
2,0001
3,0002
4,0003
5,0003
6,0004
7,0004
8,0005
9,0005
10,0006
11,0006
12,0007
13,0008
14,0008
15,0009
16,0009
17,0010
18,0010
19,0010
20,0010
21,0011
22,0011
23,0012
24,0012
25,0012
26,0013
27,0013
28,0013
29,0014
30,0014
31,0015
32,0015
33,0016
34,0016
35,0017
36,0018
37,0019
38,0019
39,0020
40,0020
41,0021
42,0022
43,0022
44,0023
45,0023
46,0024
47,0024
48,0024
49,0025
50,0025
51,0026
52,0026
53,0026
54,0027
55,0027
56,0027
57,0027
58,0028
59,0029
60,0029
61,0029
62,0029
63,0030
64,0030
65,0031
66,0031
67,0031
68,0031
69,0032
70,0032
71,0032
72,0032
73,0033
74,0033
75,0033
76,0034
77,0034
78,0034
79,0034
80,0035
81,0036
82,0036
83,0036
84,0036
85,0036
86,0037
87,0037
88,0037
89,0037
90,0038
91,0038
92,0039
93,0039
94,0039
95,0039
96,0039
97,0040
98,0040
99,0040
100,0040
101,0041
102,0042
103,0042
104,0043
105,0043
106,0044
107,0044
108,0045
109,0046
110,0046
111,0047
112,0047
113,0047
114,0048
115,0048
115,0049
116,0049
117,0049
118,0050
119,0050
120,0050
121,0050
122,0051
123,0051
124,0051
125,0051
126,0052
127,0052
128,0052
129,0052
130,0053
131,0053
132,0054
133,0054
134,0055
135,0055
136,0055
137,0056
138,0056
139,0057
140,0057
141,0058
142,0058
143,0058
144,0058
145,0059
146,0059
147,0059
148,0059
149,0060
150,0060
151,0060
152,0061
153,0061
154,0061
155,0061
156,0062
157,0062
158,0062
159,0063
160,0063
161,0063
162,0063
163,0064
164,0064
165,0065
166,0065
167,0065
168,0066
169,0066
170,0066
171,0066
172,0066
173,0067
174,0067
175,0067
176,0068
177,0069
178,0069
179,0070
180,0070
181,0070
182,0071
183,0071
184,0071
185,0072
186,0072
187,0073
188,0073
189,0073
190,0074
191,0074
192,0075
193,0075
194,0075
195,0076
196,0077
197,0078
198,0078
199,0079
200,0079
201,0079
202,0079
203,0079
204,0080
205,0080
206,0080
207,0080
208,0081
209,0081
210,0081
211,0081
212,0082
213,0082
214,0082
215,0083
216,0083
217,0083
218,0083
219,0084
220,0084
221,0084
222,0084
223,0085
224,0086
225,0086
226,0086
227,0086
228,0087
229,0087
230,0087
231,0087
232,0087
233,0088
234,0088
235,0088
236,0088
237,0089
238,0089
239,0089
240,0089
241,0090
242,0090
243,0090
244,0091
245,0091
246,0091
247,0091
248,0091
249,0092
250,0092
251,0092
252,0093
253,0093
254,0093
255,0093
256,0094
257,0094
258,0094
259,0095
260,0095
261,0095
262,0095
263,0096
264,0096
265,0096
266,0096
267,0096
268,0096
269,0097
270,0097
271,0097
272,0098
273,0098
274,0098
275,0099
276,0099
277,0099
278,0100
279,0100
280,0101
281,0101
282,0101
283,0102
284,0102
285,0103
286,0103
287,0104
288,0104
289,0104
290,0104
291,0105
292,0105
293,0105
294,0106
295,0106
296,0106
297,0107
298,0107
299,0107
300,0108
301,0108
302,0108
303,0109
304,0109
305,0109
306,0109
307,0109
308,0110
309,0110
310,0110
311,0111
312,0111
313,0112
314,0112
315,0112
316,0112
317,0112
318,0113
319,0113
320,0113
321,0113
322,0113
323,0114
324,0114
325,0114
326,0115
327,0115
328,0115
329,0116
330,0116
331,0116
332,0117
333,0117
334,0118
335,0118
336,0118
337,0119
338,0119
339,0119
340,0120
341,0120
342,0120
343,0121
344,0121
345,0121
346,0121
347,0122
348,0122
349,0122
350,0122
351,0123
352,0123
353,0123
354,0123
355,0123
356,0124
357,0124
358,0124
359,0124
360,0124
361,0124
362,0125
363,0125
364,0125
365,0125
366,0126
367,0126
368,0126
369,0126
370,0127
371,0127
372,0127
373,0127
374,0127
375,0128
376,0128
377,0128
378,0128
379,0128
380,0129
381,0129
382,0129
383,0129
384,0129
385,0130
386,0130
387,0130
388,0130
389,0130
390,0130
391,0131
392,0131
393,0131
394,0132
395,0132
396,0132
397,0133
398,0133
399,0133
400,0134
401,0134
402,0134
403,0134
404,0135
405,0135
406,0135
407,0135
408,0136
409,0137
410,0137
411,0138
412,0138
413,0139
414,0139
415,0139
416,0140
417,0140
418,0141
419,0142
420,0142
421,0142
422,0142
423,0143
424,0143
425,0143
426,0144
427,0144
428,0144
429,0144
430,0145
431,0145
432,0145
433,0145
434,0145
435,0145
436,0146
437,0146
438,0146
439,0146
440,0146
441,0146
442,0147
443,0147
444,0147
445,0147
446,0147
447,0147
448,0147
449,0148
450,0148
451,0148
452,0148
453,0148
454,0149
455,0149
456,0149
457,0149
458,0149
459,0149
460,0149
461,0150
462,0150
463,0150
464,0151
465,0152
466,0152
467,0153
468,0153
469,0154
470,0155
471,0155
472,0155
473,0156
474,0156
475,0157
476,0157
477,0157
478,0157
479,0158
480,0158
481,0158
482,0159
483,0159
484,0159
485,0159
486,0159
487,0159
488,0160
489,0161
490,0161
491,0162
492,0162
493,0163
494,0164
495,0164
496,0164
497,0165
498,0165
499,0165
500,0166
501,0166
502,0166
503,0166
504,0166
505,0166
506,0167
507,0167
508,0167
509,0167
510,0167
511,0167
512,0168
513,0168
514,0169
515,0169
516,0169
517,0169
518,0170
519,0170
520,0171
521,0171
522,0171
523,0172
524,0172
525,0172
526,0172
527,0172
528,0173
529,0174
530,0174
531,0174
532,0175
533,0175
534,0176
535,0176
536,0176
537,0177
538,0177
539,0177
540,0178
541,0178
542,0179
543,0179
544,0180
545,0180
546,0180
547,0180
548,0181
549,0181
550,0181
551,0182
552,0182
553,0182
554,0182
555,0183
556,0183
557,0183
558,0184
559,0184
560,0184
561,0184
562,0184
563,0184
564,0184
565,0185
566,0185
567,0185
568,0185
569,0185
570,0185
571,0185
572,0186
573,0186
574,0186
575,0186
576,0187
577,0188
578,0188
579,0189
580,0189
581,0189
582,0190
583,0190
584,0190
585,0190
586,0191
587,0191
588,0192
589,0192
590,0192
591,0193
592,0193
593,0194
594,0194
595,0194
596,0194
597,0195
598,0195
599,0195
600,0195
601,0195
602,0196
603,0197
604,0197
605,0197
606,0198
607,0198
608,0198
609,0198
610,0198
611,0198
612,0199
613,0199
614,0199
615,0200
616,0200
617,0200
618,0200
619,0201
620,0202
621,0203
622,0203
623,0203
624,0204
625,0204
626,0204
627,0204
628,0205
629,0205
630,0206
631,0206
632,0206
633,0206
634,0207
635,0207
636,0207
637,0207
638,0207
639,0208
640,0208
641,0208
642,0208
643,0209
644,0210
645,0210
646,0211
647,0211
648,0212
649,0212
650,0212
651,0212
652,0213
653,0213
654,0213
655,0213
656,0213
657,0214
658,0214
659,0214
660,0214
661,0215
662,0215
663,0215
664,0215
665,0215
666,0216
667,0216
668,0216
669,0216
670,0217
671,0217
672,0218
673,0218
674,0218
675,0219
676,0220
677,0220
678,0221
679,0221
680,0221
681,0221
682,0221
683,0222
684,0222
685,0222
686,0223
687,0223
688,0223
689,0223
690,0224
691,0224
692,0224
693,0224
694,0224
695,0225
696,0225
697,0225
698,0225
699,0225
700,0226
701,0226
702,0226
703,0226
704,0227
705,0227
706,0227
707,0227
708,0227
709,0228
710,0228
711,0228
712,0229
713,0229
714,0230
715,0230
716,0230
717,0231
718,0231
719,0232
720,0232
721,0232
722,0233
723,0233
724,0233
725,0233
726,0233
727,0234
728,0234
729,0234
730,0234
731,0234
732,0235
733,0235
734,0235
735,0236
736,0236
737,0236
738,0236
739,0237
740,0237
741,0237
742,0237
743,0238
744,0238
745,0239
746,0239
747,0239
748,0239
749,0240
750,0240
751,0240
752,0240
753,0241
754,0241
755,0241
756,0241
757,0241
758,0241
759,0241
760,0242
761,0242
762,0242
763,0242
764,0242
765,0243
766,0243
767,0244
768,0244
769,0245
770,0246
771,0246
772,0247
773,0247
774,0248
775,0248
776,0248
777,0248
778,0248
779,0249
780,0249
781,0249
782,0249
783,0249
784,0250
785,0251
786,0251
787,0252
788,0252
789,0252
790,0252
791,0253
792,0253
793,0253
794,0253
795,0254
796,0254
797,0254
798,0255
799,0255
800,0256
801,0256
802,0256
803,0256
804,0257
805,0257
806,0257
807,0257
808,0257
809,0258
810,0258
811,0259
812,0259
813,0259
814,0260
815,0260
816,0260
817,0261
818,0262
819,0262
820,0263
821,0263
822,0264
823,0264
824,0265
825,0266
826,0267
827,0267
828,0267
829,0269
830,0270
831,0270
832,0270
833,0271
834,0271
835,0272
836,0274
837,0274
838,0274
839,0274
840,0275
841,0275
842,0275
843,0275
844,0276
845,0276
846,0276
847,0276
848,0277
849,0277
850,0277
851,0278
852,0278
853,0278
854,0279
855,0279
856,0279
857,0280
858,0280
859,0280
860,0281
861,0281
862,0281
863,0281
864,0282
865,0282
866,0282
867,0283
868,0283
869,0283
870,0284
871,0284
872,0284
873,0284
874,0284
875,0285
876,0285
877,0285
878,0285
879,0286
880,0286
881,0286
882,0286
883,0286
884,0287
885,0287
886,0287
887,0288
888,0288
889,0289
890,0289
891,0289
892,0289
893,0289
894,0290
895,0290
896,0290
897,0290
898,0291
899,0291
900,0291
901,0291
902,0291
903,0292
904,0292
905,0292
906,0292
907,0293
908,0293
909,0293
910,0293
911,0293
912,0294
913,0294
914,0294
915,0295
916,0295
917,0295
918,0296
919,0296
920,0296
921,0296
922,0297
923,0297
924,0297
925,0298
926,0298
927,0299
928,0299
929,0299
930,0299
931,0300
932,0300
933,0300
934,0301
935,0301
936,0301
937,0301
938,0302
939,0302
940,0302
941,0302
942,0303
943,0303
944,0304
945,0304
946,0304
947,0305
948,0305
949,0305
950,0305
951,0305
952,0306
953,0306
954,0306
955,0306
956,0307
957,0307
958,0307
959,0307
960,0307
961,0308
962,0308
963,0308
964,0308
965,0308
966,0309
967,0309
968,0309
969,0309
970,0310
971,0310
972,0310
973,0310
974,0310
975,0310
976,0311
977,0311
978,0311
979,0312
980,0312
981,0312
982,0312
983,0313
984,0314
985,0314
986,0314
987,0315
988,0315
989,0316
990,0316
991,0316
992,0317
993,0317
994,0317
995,0317
996,0317
997,0317
998,0318
999,0318
1000,0318
1001,0318
1002,0318
1003,0319
1004,0319
1005,0319
1006,0319
1007,0320
1008,0320
1009,0320
1010,0320
1011,0320
1012,0321
1013,0321
1014,0321
1015,0322
1016,0323
1017,0323
1018,0323
1019,0324
1020,0324
1021,0324
1022,0324
1023,0325
1024,0325
1025,0326
1026,0326
1027,0326
1028,0326
1029,0327
1030,0327
1031,0327
1032,0327
1033,0328
1034,0328
1035,0328
1036,0328
1037,0329
1038,0329
1039,0329
1040,0330
1041,0330
1042,0330
1043,0331
1044,0331
1045,0332
1046,0332
1047,0333
1048,0333
1049,0333
1050,0333
1051,0334
1052,0334
1053,0334
1054,0335
1055,0335
1056,0335
1057,0336
1058,0336
1059,0336
1060,0337
1061,0337
1062,0338
1063,0338
1064,0338
1065,0338
1066,0339
1067,0339
1068,0339
1069,0339
1070,0339
1071,0340
1072,0340
1073,0340
1074,0341
1075,0341
1076,0341
1077,0341
1078,0341
1079,0342
1080,0342
1081,0342
1082,0342
1083,0342
1084,0343
1085,0343
1086,0343
1087,0343
1088,0343
1089,0344
1090,0344
1091,0345
1092,0345
1093,0346
1094,0346
1095,0347
1096,0347
1097,0348
1098,0348
1099,0348
1100,0348
1101,0348
1102,0348
1103,0349
1104,0349
1105,0349
1106,0349
1107,0350
1108,0350
1109,0350
1110,0350
1111,0350
1112,0350
1113,0351
1114,0351
1115,0352
1116,0352
1117,0352
1118,0353
1119,0353
1120,0353
1121,0354
1122,0354
1123,0355
1124,0355
1125,0355
1126,0355
1127,0355
1128,0356
1129,0356
1130,0356
1131,0356
1132,0356
1133,0356
1134,0357
1135,0357
1136,0357
1137,0357
1138,0357
1139,0358
1140,0358
1141,0358
1142,0358
1143,0359
1144,0359
1145,0359
1146,0359
1147,0359
1148,0360
1149,0360
1150,0361
1151,0361
1152,0361
1153,0361
1154,0362
1155,0362
1156,0362
1157,0362
1158,0363
1159,0363
1160,0363
1161,0363
1162,0363
1163,0363
1164,0363
1165,0363
1166,0364
1167,0364
1168,0364
1169,0364
1170,0364
1171,0364
1172,0365
1173,0366
1174,0366
1175,0366
1176,0367
1177,0367
1178,0367
1179,0367
1180,0367
1181,0368
1182,0368
1183,0368
1184,0368
1185,0368
1186,0369
1187,0369
1188,0369
1189,0369
1190,0369
1191,0370
1192,0370
1193,0370
1194,0371
1195,0371
1196,0371
1197,0371
1198,0371
1199,0372
1200,0372
1201,0372
1202,0373
1203,0373
1204,0373
1205,0374
1206,0374
1207,0375
1208,0375
1209,0375
1210,0375
1211,0375
1212,0376
1213,0376
1214,0376
1215,0377
1216,0377
1217,0377
1218,0378
1219,0378
1220,0378
1221,0378
1222,0379
1223,0379
1224,0379
1225,0380
1226,0380
1227,0380
1228,0380
1229,0381
1230,0381
1231,0381
1232,0381
1233,0382
1234,0382
1235,0382
1236,0382
1237,0382
1238,0383
1239,0383
1240,0384
1241,0384
1242,0384
1243,0384
1244,0385
1245,0385
1246,0385
1247,0385
1248,0385
1249,0386
1250,0386
1251,0386
1252,0386
1253,0387
1254,0387
1255,0387
1256,0387
1257,0387
1258,0387
1259,0388
1260,0388
1261,0388
1262,0388
1263,0388
1264,0389
1265,0389
1266,0389
1267,0390
1268,0390
1269,0390
1270,0391
1271,0391
1272,0391
1273,0391
1274,0391
1275,0392
1276,0392
1277,0392
1278,0392
1279,0392
1280,0392
1281,0393
1282,0393
1283,0393
1284,0393
1285,0393
1286,0394
1287,0394
1288,0394
1289,0394
1290,0394
1291,0394
1292,0395
1293,0395
1294,0395
1295,0395
1296,0395
1297,0396
1298,0396
1299,0397
1300,0397
1301,0397
1302,0397
1303,0397
1304,0398
1305,0398
1306,0398
1307,0398
1308,0398
1309,0398
1310,0399
1311,0399
1312,0399
1313,0399
1314,0399
1315,0399
1316,0399
1317,0399
1318,0400
1319,0400
1320,0400
1321,0401
1322,0401
1323,0402
1324,0402
1325,0402
1326,0403
1327,0403
1328,0403
1329,0403
1330,0403
1331,0404
1332,0404
1333,0404
1334,0404
1335,0405
1336,0405
1337,0405
1338,0406
1339,0406
1340,0406
1341,0406
1342,0406
1343,0407
1344,0407
1345,0408
1346,0408
1347,0408
1348,0408
1349,0409
1350,0409
1351,0409
1352,0409
1353,0410
1354,0410
1355,0410
1356,0411
1357,0411
1358,0411
1359,0412
1360,0412
1361,0412
1362,0412
1363,0412
1364,0413
1365,0413
1366,0413
1367,0413
1368,0414
1369,0414
1370,0414
1371,0414
1372,0415
1373,0415
1374,0416
1375,0416
1376,0416
1377,0417
1378,0417
1379,0417
1380,0418
1381,0418
1382,0418
1383,0419
1384,0419
1385,0419
1386,0419
1387,0420
1388,0420
1389,0421
1390,0421
1391,0421
1392,0421
1393,0422
1394,0422
1395,0422
1396,0422
1397,0422
1398,0423
1399,0423
1400,0423
1401,0423
1402,0423
1403,0423
1404,0423
1405,0424
1406,0424
1407,0424
1408,0424
1409,0424
1410,0424
1411,0424
1412,0424
1413,0424
1414,0425
1415,0425
1416,0425
1417,0425
1418,0425
1419,0425
1420,0426
1421,0426
1422,0426
1423,0426
1424,0427
1425,0427
1426,0427
1427,0427
1428,0428
1429,0428
1430,0428
1431,0429
1432,0429
1433,0429
1434,0429
1435,0430
1436,0430
1437,0430
1438,0430
1439,0430
1440,0431
1441,0431
1442,0431
1443,0431
1444,0431
1445,0432
1446,0432
1447,0432
1448,0432
1449,0432
1450,0432
1451,0432
1452,0432
1453,0433
1454,0433
1455,0433
1456,0433
1457,0433
1458,0433
1459,0434
1460,0434
1461,0434
1462,0434
1463,0434
1464,0435
1465,0435
1466,0435
1467,0435
1468,0435
1469,0435
1470,0435
1471,0435
1472,0436
1473,0436
1474,0436
1475,0436
1476,0437
1477,0437
1478,0438
1479,0438
1480,0438
1481,0439
1482,0439
1483,0440
1484,0440
1485,0440
1486,0441
1487,0441
1488,0441
1489,0441
1490,0441
1491,0441
1492,0442
1493,0442
1494,0442
1495,0442
1496,0443
1497,0443
1498,0443
1499,0443
1500,0444
1501,0444
1502,0444
1503,0444
1504,0444
1505,0445
1506,0445
1507,0445
1508,0445
1509,0446
1510,0446
1511,0447
1512,0447
1513,0447
1514,0447
1515,0447
1516,0447
1517,0448
1518,0448
1519,0448
1520,0448
1521,0449
1522,0449
1523,0450
1524,0450
1525,0450
1526,0450
1527,0450
1528,0450
1529,0450
1530,0451
1531,0451
1532,0451
1533,0451
1534,0451
1535,0451
1536,0451
1537,0451
1538,0451
1539,0452
1540,0452
1541,0453
1542,0453
1543,0453
1544,0453
1545,0453
1546,0454
1547,0454
1548,0454
1549,0454
1550,0454
1551,0454
1552,0455
1553,0455
1554,0455
1555,0455
1556,0455
1557,0455
1558,0456
1559,0456
1560,0456
1561,0456
1562,0456
1563,0456
1564,0457
1565,0457
1566,0457
1567,0458
1568,0458
1569,0458
1570,0458
1571,0459
1572,0459
1573,0460
1574,0460
1575,0461
1576,0461
1577,0461
1578,0462
1579,0462
1580,0462
1581,0463
1582,0463
1583,0463
1584,0463
1585,0463
1586,0464
1587,0464
1588,0464
1589,0464
1590,0465
1591,0465
1592,0465
1593,0466
1594,0466
1595,0466
1596,0467
1597,0467
1598,0468
1599,0468
1600,0468
1601,0469
1602,0469
1603,0470
1604,0470
1605,0470
1606,0470
1607,0470
1608,0471
1609,0471
1610,0471
1611,0471
1612,0472
1613,0472
1614,0472
1615,0472
1616,0472
1617,0473
1618,0473
1619,0473
1620,0473
1621,0473
1622,0473
1623,0473
1624,0473
1625,0474
1626,0474
1627,0475
1628,0475
1629,0475
1630,0475
1631,0475
1632,0476
1633,0476
1634,0476
1635,0477
1636,0477
1637,0477
1638,0477
1639,0477
1640,0478
1641,0478
1642,0478
1643,0478
1644,0479
1645,0479
1646,0479
1647,0479
1648,0479
1649,0480
1650,0480
1651,0480
1652,0481
1653,0481
1654,0481
1655,0482
1656,0482
1657,0482
1658,0482
1659,0483
1660,0483
1661,0483
1662,0483
1663,0483
1664,0483
1665,0484
1666,0484
1667,0484
1668,0484
1669,0485
1670,0485
1671,0485
1672,0485
1673,0485
1674,0485
1675,0486
1676,0486
1677,0486
1678,0486
1679,0486
1680,0486
1681,0486
1682,0486
1683,0487
1684,0487
1685,0487
1686,0487
1687,0487
1688,0487
1689,0488
1690,0488
1691,0488
1692,0488
1693,0488
1694,0489
1695,0489
1696,0490
1697,0490
1698,0490
1699,0490
1700,0490
1701,0490
1702,0491
1703,0491
1704,0491
1705,0491
1706,0492
1707,0492
1708,0492
1709,0492
1710,0492
1711,0493
1712,0493
1713,0493
1714,0493
1715,0494
1716,0494
1717,0495
1718,0495
1719,0495
1720,0496
1721,0496
1722,0496
1723,0496
1724,0496
1725,0497
1726,0497
1727,0497
1728,0497
1729,0497
1730,0497
1731,0498
1732,0498
1733,0498
1734,0498
1735,0499
1736,0499
1737,0499
1738,0499
1739,0500
1740,0500
1741,0500
1742,0500
1743,0500
1744,0500
1745,0501
1746,0501
1747,0502
1748,0502
1749,0502
1750,0502
1751,0502
1752,0503
1753,0503
1754,0503
1755,0503
1756,0503
1757,0503
1758,0503
1759,0504
1760,0504
1761,0504
1762,0504
1763,0504
1764,0504
1765,0504
1766,0505
1767,0505
1768,0506
1769,0506
1770,0506
1771,0507
1772,0508
1773,0508
1774,0508
1775,0509
1776,0509
1777,0509
1778,0509
1779,0510
1780,0511
1781,0511
1782,0511
1783,0511
1784,0512
1785,0512
1786,0513
1787,0513
1788,0513
1789,0513
1790,0513
1791,0513
1792,0514
1793,0514
1794,0514
1795,0514
1796,0515
1797,0515
1798,0515
1799,0515
1800,0515
1801,0515
1802,0516
1803,0516
1804,0516
1805,0516
1806,0516
1807,0517
1808,0517
1809,0517
1810,0517
1811,0517
1812,0517
1813,0518
1814,0518
1815,0518
1816,0518
1817,0518
1818,0519
1819,0519
1820,0519
1821,0519
1822,0519
1823,0520
1824,0520
1825,0520
1826,0520
1827,0521
1828,0521
1829,0521
1830,0521
1831,0521
1832,0522
1833,0522
1834,0522
1835,0522
1836,0522
1837,0523
1838,0523
1839,0523
1840,0523
1841,0523
1842,0524
1843,0524
1844,0524
1845,0524
1846,0524
1847,0524
1848,0525
1849,0525
1850,0525
1851,0525
1852,0525
1853,0526
1854,0526
1855,0526
1856,0526
1857,0526
1858,0527
1859,0527
1860,0527
1861,0527
1862,0527
1863,0528
1864,0528
1865,0528
1866,0528
1867,0528
1868,0528
1869,0529
1870,0529
1871,0529
1872,0529
1873,0529
1874,0529
1875,0529
1876,0529
1877,0530
1878,0530
1879,0530
1880,0530
1881,0530
1882,0530
1883,0530
1884,0530
1885,0530
1886,0531
1887,0531
1888,0532
1889,0532
1890,0532
1891,0533
1892,0533
1893,0533
1894,0534
1895,0534
1896,0534
1897,0535
1898,0535
1899,0536
1900,0536
1901,0537
1902,0537
1903,0537
1904,0537
1905,0538
1906,0538
1907,0538
1908,0539
1909,0539
1910,0539
1911,0540
1912,0540
1913,0540
1914,0540
1915,0540
1916,0540
1917,0541
1918,0541
1919,0542
1920,0542
1921,0542
1922,0543
1923,0543
1924,0543
1925,0544
1926,0544
1927,0544
1928,0544
1929,0545
1930,0545
1931,0546
1932,0546
1933,0546
1934,0546
1935,0546
1936,0547
1937,0547
1938,0547
1939,0547
1940,0548
1941,0548
1942,0548
1943,0548
1944,0548
1945,0549
1946,0549
1947,0550
1948,0550
1949,0550
1950,0550
1951,0551
1952,0551
1953,0551
1954,0551
1955,0552
1956,0552
1957,0552
1958,0552
1959,0552
1960,0552
1961,0553
1962,0553
1963,0553
1964,0553
1965,0553
1966,0553
1967,0553
1968,0554
1969,0554
1970,0554
1971,0554
1972,0555
1973,0555
1974,0555
1975,0556
1976,0556
1977,0556
1978,0557
1979,0557
1980,0557
1981,0558
1982,0558
1983,0559
1984,0559
1985,0559
1986,0560
1987,0560
1988,0560
1989,0560
1990,0561
1991,0561
1992,0561
1993,0561
1994,0561
1995,0562
1996,0562
1997,0562
1998,0562
1999,0563
2000,0563
2001,0563
2002,0563
2003,0564
2004,0564
2005,0564
2006,0564
2007,0565
2008,0565
2009,0565
2010,0565
2011,0566
2012,0566
2013,0566
2014,0566
2015,0566
2016,0566
2017,0567
2018,0567
2019,0567
2020,0567
2021,0568
2022,0568
2023,0568
2024,0568
2025,0568
2026,0568
2027,0568
2028,0569
2029,0569
2030,0569
2031,0569
2032,0569
2033,0570
2034,0570
2035,0571
2036,0571
2037,0571
2038,0571
2039,0571
2040,0572
2041,0572
2042,0573
2043,0573
2044,0573
2045,0573
2046,0574
2047,0574
2048,0574
2049,0575
2050,0575
2051,0575
2052,0575
2053,0575
2054,0575
2055,0575
2056,0575
2057,0576
2058,0576
2059,0576
2060,0576
2061,0576
2062,0577
2063,0577
2064,0577
2065,0577
2066,0577
2067,0578
2068,0578
2069,0578
2070,0578
2071,0579
2072,0579
2073,0579
2074,0579
2075,0579
2076,0580
2077,0581
2078,0581
2079,0582
2080,0582
2081,0583
2082,0583
2083,0583
2084,0584
2085,0584
2086,0584
2087,0585
2088,0585
2089,0585
2090,0586
2091,0586
2092,0586
2093,0587
2094,0587
2095,0587
2096,0587
2097,0588
2098,0588
2099,0588
2100,0588
2101,0588
2102,0589
2103,0589
2104,0589
2105,0589
2106,0589
2107,0589
2108,0590
2109,0590
2110,0590
2111,0590
2112,0591
2113,0591
2114,0591
2115,0592
2116,0592
2117,0592
2118,0593
2119,0593
2120,0593
2121,0593
2122,0593
2123,0593
2124,0594
2125,0594
2126,0594
2127,0595
2128,0595
2129,0595
2130,0595
2131,0595
2132,0596
2133,0596
2134,0596
2135,0596
2136,0596
2137,0597
2138,0597
2139,0597
2140,0597
2141,0597
2142,0598
2143,0598
2144,0598
2145,0598
2146,0599
2147,0599
2148,0600
2149,0601
2150,0601
2151,0601
2152,0601
2153,0602
2154,0602
2155,0603
2156,0603
2157,0603
2158,0603
2159,0604
2160,0604
2161,0604
2162,0604
2163,0604
2164,0605
2165,0605
2166,0605
2167,0605
2168,0606
2169,0606
2170,0606
2171,0606
2172,0606
2173,0607
2174,0607
2175,0608
2176,0609
2177,0612
2178,0615
2179,0616
2180,0616
2181,0616
2182,0616
2183,0617
2184,0617
2185,0618
2186,0618
2187,0619
2188,0619
2189,0619
2190,0619
2191,0620
2192,0620
2193,0621
2194,0621
2195,0622
2196,0622
2197,0623
2198,0624
2199,0624
2200,0624
2201,0625
2202,0625
2203,0625
2204,0626
2205,0626
2206,0626
2207,0627
2208,0627
2209,0628
2210,0628
2211,0628
2212,0629
2213,0629
2214,0629
2215,0629
2216,0629
2217,0630
2218,0630
2219,0631
2220,0631
2221,0631
2222,0631
2223,0632
2224,0632
2225,0632
2226,0632
2227,0633
2228,0633
2229,0633
2230,0634
2231,0634
2232,0634
2233,0635
2234,0635
2235,0635
2236,0636
2237,0636
2238,0636
2239,0636
2240,0637
2241,0637
2242,0637
2243,0638
2244,0638
2245,0638
2246,0639
2247,0640
2248,0640
2249,0640
2250,0640
2251,0640
2252,0641
2253,0641
2254,0641
2255,0642
2256,0642
2257,0643
2258,0644
2259,0644
2260,0645
2261,0645
2262,0645
2263,0646
2264,0646
2265,0646
2266,0646
2267,0647
2268,0647
