1,0001
2,0001
3,0001
4,0001
5,0001
6,0002
7,0002
8,0002
9,0002
10,0002
11,0002
12,0002
13,0002
14,0002
15,0003
16,0003
17,0003
18,0003
19,0003
20,0003
21,0003
22,0004
23,0004
24,0004
25,0004
26,0004
27,0004
28,0004
29,0004
30,0004
31,0005
32,0005
33,0005
34,0005
35,0005
36,0005
37,0005
38,0005
39,0005
40,0005
41,0006
42,0006
43,0006
44,0006
45,0006
46,0006
47,0006
48,0006
49,0006
50,0006
51,0007
52,0007
53,0007
54,0007
55,0007
56,0007
4,0007
57,0008
58,0008
59,0008
60,0008
61,0009
3,0009
62,0009
63,0009
64,0009
2,0010
6,0010
65,0010
66,0011
67,0012
3,0013
6,0013
68,0013
5,0014
69,0015
70,0015
71,0015
72,0016
73,0016
74,0016
75,0016
76,0017
1,0017
77,0017
2,0017
78,0017
79,0017
1,0019
80,0020
81,0020
1,0020
82,0020
83,0021
84,0021
85,0021
86,0021
87,0022
88,0022
89,0022
90,0023
91,0023
92,0024
1,0025
93,0026
94,0026
95,0026
2,0027
3,0028
4,0028
96,0028
5,0028
6,0028
97,0029
98,0030
99,0032
100,0033
101,0033
102,0033
103,0034
104,0034
105,0034
3,0034
106,0034
107,0035
108,0035
109,0036
110,0037
111,0038
112,0038
4,0039
5,0039
113,0040
114,0040
115,0041
116,0042
117,0042
2,0042
1,0043
118,0045
119,0045
120,0045
121,0046
3,0047
122,0047
123,0050
124,0050
125,0051
126,0051
127,0051
128,0053
129,0053
130,0054
3,0054
4,0054
131,0055
132,0055
133,0056
134,0056
2,0057
135,0058
136,0058
1,0058
137,0059
138,0059
139,0060
140,0060
141,0060
142,0061
143,0061
1,0061
144,0062
1,0062
145,0062
2,0062
146,0067
147,0067
148,0069
5,0070
1,0071
2,0073
3,0073
149,0074
3,0074
1,0076
150,0076
151,0076
152,0076
153,0077
3,0077
154,0077
155,0078
156,0078
157,0079
158,0079
159,0079
2,0080
160,0080
161,0081
162,0081
163,0081
164,0082
165,0085
166,0085
167,0085
1,0086
168,0086
169,0086
170,0087
171,0088
172,0088
4,0088
173,0088
174,0089
175,0090
176,0090
177,0090
178,0091
2,0091
179,0091
180,0092
181,0093
182,0094
183,0094
184,0096
185,0096
186,0096
187,0096
188,0097
189,0097
190,0097
191,0098
192,0098
2,0098
193,0099
194,0100
195,0100
196,0101
1,0101
2,0101
197,0101
198,0101
199,0104
200,0104
201,0105
202,0105
1,0106
203,0108
204,0108
205,0108
206,0109
207,0109
3,0109
208,0110
209,0110
210,0110
211,0111
212,0111
213,0111
214,0112
3,0112
5,0112
6,0112
215,0112
216,0113
217,0114
218,0115
219,0115
1,0116
220,0117
221,0117
222,0117
2,0117
223,0117
224,0118
225,0118
2,0118
226,0118
4,0118
227,0119
2,0119
3,0119
228,0120
229,0120
1,0120
230,0120
231,0121
232,0122
233,0122
234,0122
1,0122
235,0123
236,0123
237,0124
238,0124
239,0124
240,0125
241,0125
242,0126
243,0126
244,0127
245,0127
246,0127
247,0128
248,0128
3,0128
5,0128
3,0129
249,0129
250,0129
251,0130
252,0131
253,0131
3,0131
254,0131
255,0132
256,0132
2,0132
257,0133
258,0133
259,0133
260,0133
261,0134
262,0134
263,0135
264,0135
265,0135
3,0135
266,0136
267,0136
268,0137
4,0137
269,0137
6,0137
270,0137
2,0138
271,0138
272,0138
273,0138
274,0139
275,0139
276,0139
277,0139
1,0140
278,0140
2,0140
3,0140
279,0140
280,0141
281,0142
282,0142
283,0142
284,0142
285,0143
286,0143
287,0143
2,0143
288,0143
289,0144
3,0145
6,0145
290,0146
291,0146
292,0146
293,0147
294,0147
295,0147
296,0148
1,0148
297,0148
298,0148
299,0149
300,0149
301,0149
302,0150
303,0150
304,0150
1,0150
305,0151
306,0151
307,0152
308,0152
309,0152
310,0152
311,0153
312,0153
313,0154
314,0154
315,0155
1,0155
316,0155
317,0155
318,0157
319,0157
1,0157
320,0158
321,0158
322,0158
323,0158
324,0161
325,0161
326,0161
327,0161
328,0162
329,0162
330,0162
331,0162
332,0163
333,0163
334,0163
335,0164
336,0164
337,0164
338,0165
339,0166
340,0166
341,0166
342,0166
343,0167
344,0167
5,0167
345,0168
346,0169
347,0169
1,0169
348,0169
349,0169
350,0169
351,0170
352,0170
2,0170
353,0170
354,0171
1,0171
355,0171
2,0171
356,0171
357,0171
358,0172
359,0172
360,0173
361,0173
362,0173
363,0174
364,0174
3,0174
365,0174
366,0176
367,0176
3,0179
368,0180
369,0180
370,0180
371,0181
372,0181
2,0181
373,0182
374,0182
375,0183
376,0183
377,0183
378,0183
379,0184
380,0184
381,0184
382,0184
383,0185
384,0185
385,0185
3,0185
386,0186
3,0186
387,0186
388,0187
389,0187
390,0188
3,0188
391,0188
392,0189
393,0190
394,0190
2,0190
395,0190
6,0190
396,0191
1,0191
397,0191
398,0191
399,0192
400,0192
401,0192
402,0193
403,0193
404,0194
405,0194
406,0194
407,0194
5,0194
408,0195
3,0195
409,0195
410,0195
411,0196
412,0196
413,0197
414,0197
415,0198
416,0199
417,0199
418,0200
419,0200
1,0200
3,0200
420,0200
421,0201
422,0201
423,0202
424,0202
425,0202
426,0203
427,0203
428,0204
429,0204
430,0204
431,0205
432,0205
1,0205
2,0205
433,0207
434,0207
1,0208
435,0209
436,0209
437,0210
5,0210
438,0210
439,0211
440,0211
441,0211
442,0212
443,0212
444,0212
445,0214
446,0214
3,0214
447,0214
448,0215
1,0215
449,0215
450,0215
451,0215
452,0216
453,0216
454,0216
455,0216
456,0216
457,0217
458,0217
459,0217
460,0217
461,0218
462,0218
463,0218
464,0218
1,0219
465,0220
466,0220
467,0221
468,0221
469,0223
1,0224
2,0224
470,0224
471,0224
472,0224
473,0225
474,0225
475,0225
4,0225
476,0225
1,0226
477,0226
478,0226
479,0226
5,0227
480,0228
3,0228
481,0229
482,0231
3,0231
483,0232
484,0232
485,0232
486,0233
487,0233
488,0233
489,0233
490,0235
491,0235
492,0236
1,0240
3,0240
6,0240
493,0242
494,0244
495,0244
496,0244
497,0244
498,0244
499,0245
500,0245
501,0245
502,0245
503,0245
504,0245
505,0246
1,0246
3,0248
3,0250
1,0251
2,0252
3,0252
4,0252
506,0254
507,0254
508,0255
3,0255
509,0255
510,0255
511,0258
512,0258
4,0258
513,0258
514,0259
515,0259
516,0259
517,0260
518,0260
1,0261
519,0261
2,0262
520,0262
521,0262
1,0263
522,0263
523,0263
2,0263
524,0264
525,0264
526,0264
527,0265
1,0265
528,0265
2,0265
529,0265
530,0266
531,0266
532,0268
533,0268
534,0268
535,0268
536,0268
537,0269
538,0269
539,0269
540,0270
541,0270
542,0270
543,0270
544,0270
545,0271
546,0271
547,0272
1,0272
548,0272
549,0273
550,0273
551,0273
552,0273
553,0274
554,0274
555,0274
556,0274
557,0275
558,0275
1,0275
559,0275
2,0275
560,0275
561,0276
562,0276
563,0276
564,0276
565,0276
566,0277
567,0277
568,0277
3,0277
569,0277
570,0278
571,0278
572,0278
573,0279
574,0279
3,0279
4,0279
575,0280
2,0280
576,0281
577,0282
1,0282
578,0282
3,0283
579,0283
580,0284
581,0284
582,0284
583,0285
584,0286
2,0286
585,0286
586,0286
3,0287
5,0287
587,0287
6,0287
8,0287
15,0287
588,0288
589,0288
590,0289
591,0289
592,0289
3,0289
593,0289
594,0290
595,0290
5,0290
1,0291
596,0293
2,0293
3,0293
597,0293
598,0294
599,0294
600,0294
601,0295
602,0295
603,0295
1,0296
604,0296
605,0296
606,0296
607,0296
608,0296
609,0297
610,0297
611,0297
3,0297
612,0298
613,0298
614,0298
615,0299
616,0299
617,0299
618,0299
619,0299
620,0300
621,0300
622,0301
623,0301
624,0301
625,0301
626,0302
1,0302
627,0302
628,0302
3,0302
629,0302
630,0303
631,0303
632,0303
1,0304
633,0304
634,0304
635,0304
636,0304
637,0305
638,0305
2,0305
639,0305
640,0305
641,0307
4,0307
642,0307
643,0307
1,0308
644,0308
645,0308
3,0308
3,0308
646,0309
647,0309
2,0309
648,0309
649,0310
2,0310
650,0310
651,0310
652,0310
653,0312
654,0312
2,0312
3,0312
5,0312
655,0312
656,0313
4,0313
6,0313
657,0314
658,0315
659,0315
2,0315
3,0315
5,0315
660,0315
661,0316
662,0316
5,0316
663,0317
664,0317
2,0317
4,0317
7,0317
665,0318
666,0318
6,0318
8,0318
9,0318
667,0318
1,0319
3,0319
2,0322
2,0322
668,0324
669,0324
670,0326
1,0327
2,0327
3,0327
7,0327
7,0328
2,0331
671,0331
4,0331
672,0332
673,0332
5,0332
1,0333
4,0333
674,0334
6,0334
675,0335
676,0335
3,0335
5,0336
677,0337
678,0337
6,0337
1,0338
679,0338
680,0338
6,0338
1,0340
681,0340
682,0341
683,0341
684,0342
685,0342
686,0343
1,0343
687,0344
688,0344
689,0345
690,0345
691,0346
692,0348
1,0350
693,0353
694,0353
695,0353
3,0353
696,0354
697,0354
698,0354
5,0355
699,0355
8,0355
10,0355
700,0355
14,0355
701,0356
702,0356
703,0356
704,0357
1,0357
705,0357
706,0358
707,0358
708,0358
709,0358
1,0358
710,0359
711,0359
1,0359
712,0360
1,0360
713,0360
4,0360
714,0362
715,0362
716,0362
717,0362
3,0362
5,0362
718,0363
719,0363
1,0364
4,0364
720,0364
721,0364
7,0364
722,0365
723,0365
1,0366
724,0366
725,0366
726,0369
727,0369
4,0370
4,0370
728,0371
729,0371
730,0371
731,0371
5,0371
1,0372
732,0372
733,0372
734,0372
3,0374
735,0374
736,0375
737,0375
738,0376
739,0376
740,0377
741,0377
1,0378
742,0378
2,0378
3,0378
743,0378
744,0379
745,0379
2,0382
4,0382
746,0383
2,0384
5,0384
747,0384
748,0384
749,0385
1,0385
750,0385
1,0386
751,0386
2,0386
3,0386
752,0387
753,0387
5,0387
754,0387
755,0389
756,0389
757,0389
758,0390
759,0390
2,0391
760,0391
761,0391
762,0392
763,0392
764,0393
765,0393
1,0394
766,0394
767,0394
4,0394
5,0394
768,0395
769,0395
770,0395
1,0395
2,0396
771,0396
772,0397
773,0397
1,0397
4,0397
3,0398
4,0398
1,0399
774,0400
775,0401
6,0402
8,0402
776,0405
777,0405
2,0405
778,0405
779,0405
1,0406
780,0406
781,0406
4,0407
5,0407
11,0407
782,0408
783,0409
2,0409
784,0410
785,0410
786,0411
787,0411
788,0412
789,0412
790,0413
4,0413
791,0413
792,0413
793,0414
3,0414
794,0416
2,0416
795,0416
796,0417
1,0417
797,0417
4,0417
798,0418
799,0418
800,0418
1,0419
801,0419
802,0419
1,0420
3,0420
4,0420
7,0420
8,0420
9,0420
803,0421
804,0421
805,0421
2,0421
806,0422
4,0422
6,0422
807,0423
808,0423
2,0423
809,0423
810,0424
811,0424
812,0425
5,0425
813,0426
814,0426
815,0426
1,0426
816,0427
2,0427
817,0427
818,0427
3,0427
819,0427
1,0428
820,0428
3,0428
821,0428
