1,0001
2,0002
3,0002
4,0002
5,0003
6,0003
7,0003
8,0003
9,0003
10,0004
11,0004
12,0004
13,0004
14,0004
15,0005
16,0005
17,0005
18,0005
19,0006
20,0006
21,0007
22,0007
23,0007
24,0007
25,0008
26,0008
27,0009
28,0009
29,0010
30,0010
31,0010
32,0010
33,0011
34,0011
35,0012
36,0012
37,0012
38,0012
39,0012
40,0012
41,0013
42,0013
43,0013
44,0013
45,0014
46,0014
47,0014
48,0014
49,0014
50,0014
51,0014
52,0015
53,0015
54,0015
55,0015
56,0015
57,0015
58,0016
59,0016
60,0016
61,0017
62,0017
63,0017
64,0017
65,0017
66,0018
67,0018
68,0018
69,0018
70,0018
71,0019
72,0019
73,0019
74,0019
75,0020
76,0020
77,0020
78,0020
79,0021
80,0021
81,0021
82,0021
83,0021
84,0021
85,0022
86,0022
87,0022
88,0022
89,0023
90,0023
91,0023
92,0023
93,0024
94,0024
95,0024
96,0024
97,0024
98,0024
99,0024
100,0025
101,0025
102,0025
103,0025
104,0025
105,0025
106,0026
107,0026
108,0026
109,0026
110,0026
111,0027
112,0028
113,0028
114,0028
115,0028
116,0029
117,0030
118,0030
119,0030
120,0030
121,0031
122,0031
123,0032
124,0032
125,0033
126,0033
127,0033
128,0033
129,0034
130,0034
131,0034
132,0034
133,0034
134,0035
135,0035
136,0035
137,0035
138,0035
139,0036
140,0036
141,0036
142,0037
143,0037
144,0038
145,0038
146,0038
147,0039
148,0039
149,0039
150,0039
151,0040
152,0040
153,0040
154,0040
155,0040
156,0040
157,0040
158,0040
159,0041
160,0041
161,0041
162,0041
163,0041
164,0041
165,0042
166,0042
167,0042
168,0042
169,0043
170,0043
171,0043
172,0043
173,0043
174,0044
175,0044
176,0044
177,0044
178,0044
179,0044
180,0045
181,0045
182,0045
183,0046
184,0046
185,0046
186,0046
187,0046
188,0047
189,0047
190,0047
191,0048
192,0048
193,0048
194,0048
195,0049
196,0050
197,0051
198,0054
199,0054
200,0055
201,0055
202,0055
203,0056
204,0056
205,0057
206,0057
207,0057
208,0057
209,0057
210,0058
211,0058
212,0058
213,0058
214,0059
215,0059
216,0059
217,0059
218,0060
219,0060
220,0060
221,0060
222,0061
223,0061
224,0061
225,0061
226,0061
227,0062
228,0062
229,0062
230,0062
231,0062
232,0062
233,0063
234,0063
235,0063
236,0063
237,0064
238,0064
239,0064
240,0065
241,0065
242,0065
243,0065
244,0066
245,0066
246,0067
247,0067
248,0067
249,0067
250,0068
251,0068
252,0068
253,0069
254,0069
255,0069
256,0070
257,0071
258,0071
259,0071
260,0072
261,0073
262,0074
263,0075
264,0075
265,0076
266,0076
267,0077
268,0077
269,0077
270,0077
271,0078
272,0078
273,0079
274,0079
275,0079
276,0080
277,0080
278,0081
279,0081
280,0081
281,0082
282,0082
283,0082
284,0083
285,0083
286,0083
287,0084
288,0084
289,0084
290,0084
291,0084
292,0085
293,0086
294,0088
295,0088
296,0090
297,0090
298,0090
299,0090
300,0091
301,0091
302,0091
303,0091
304,0092
305,0092
306,0092
307,0092
308,0092
309,0092
310,0093
311,0093
312,0093
313,0093
314,0093
315,0093
316,0093
317,0094
318,0094
319,0094
320,0094
321,0094
322,0094
323,0095
324,0095
325,0095
326,0095
327,0095
328,0096
329,0096
330,0097
331,0097
332,0097
333,0098
334,0098
335,0099
336,0099
337,0104
338,0104
339,0105
340,0105
341,0106
342,0106
343,0107
344,0107
345,0107
346,0108
347,0108
348,0109
349,0109
350,0109
351,0110
352,0110
353,0111
354,0111
355,0111
356,0112
357,0112
358,0113
359,0113
360,0114
361,0114
362,0115
363,0116
364,0116
365,0117
366,0117
367,0118
368,0119
369,0119
370,0121
371,0121
372,0121
373,0123
374,0123
375,0123
376,0123
377,0124
378,0125
379,0125
380,0126
381,0126
382,0126
383,0127
384,0127
385,0128
386,0129
387,0129
388,0130
389,0130
390,0130
391,0130
392,0131
393,0131
394,0131
395,0132
396,0132
397,0133
398,0133
399,0133
400,0134
401,0134
402,0136
403,0136
404,0137
405,0138
406,0139
407,0140
408,0140
409,0140
410,0141
411,0141
412,0143
413,0144
414,0144
415,0145
416,0147
417,0147
418,0148
419,0148
420,0149
421,0149
422,0149
423,0150
424,0150
425,0150
426,0152
427,0153
428,0154
429,0154
430,0155
431,0156
432,0157
433,0158
434,0158
435,0159
436,0159
437,0160
438,0160
439,0161
440,0164
441,0164
442,0167
443,0167
444,0171
445,0171
446,0174
447,0180
448,0180
449,0181
450,0181
451,0182
452,0182
453,0182
454,0182
455,0182
456,0183
457,0183
458,0183
459,0184
460,0184
461,0184
462,0185
463,0185
464,0185
465,0185
466,0186
467,0186
468,0187
469,0187
470,0187
471,0187
472,0187
473,0188
474,0188
475,0188
476,0188
477,0188
478,0189
479,0189
480,0189
481,0190
482,0190
483,0190
484,0191
485,0191
486,0191
487,0192
488,0192
489,0193
490,0193
491,0194
492,0194
493,0195
494,0195
495,0195
496,0196
497,0196
498,0197
499,0197
500,0199
501,0199
502,0199
503,0199
504,0200
505,0200
506,0200
507,0201
508,0201
509,0202
510,0202
511,0203
512,0203
513,0206
514,0206
515,0207
516,0208
517,0209
518,0210
519,0211
520,0211
521,0212
522,0212
523,0213
524,0213
525,0214
526,0214
527,0214
528,0215
529,0215
530,0215
531,0215
532,0216
533,0216
534,0216
535,0217
536,0217
537,0217
538,0217
539,0218
540,0218
541,0218
542,0218
543,0218
544,0218
545,0219
546,0219
547,0219
548,0220
549,0220
550,0220
551,0220
552,0220
553,0220
554,0221
555,0221
556,0221
557,0222
558,0222
559,0222
560,0223
561,0223
562,0224
563,0224
564,0225
565,0225
566,0225
567,0225
568,0225
569,0225
570,0226
571,0226
572,0226
573,0226
574,0228
575,0228
576,0229
577,0229
578,0229
579,0232
580,0233
581,0234
582,0234
583,0234
584,0234
585,0234
586,0234
587,0235
588,0235
589,0235
590,0236
591,0236
592,0237
593,0237
594,0237
595,0237
596,0238
597,0239
598,0239
599,0240
600,0240
601,0241
602,0241
603,0241
604,0242
605,0242
606,0242
607,0242
608,0242
609,0242
610,0242
611,0243
612,0243
613,0243
614,0246
615,0247
616,0247
617,0248
618,0248
619,0250
620,0250
621,0251
622,0252
623,0254
624,0254
625,0255
626,0255
627,0256
628,0257
629,0257
630,0259
631,0259
632,0259
633,0260
634,0260
635,0262
636,0262
637,0262
638,0263
639,0264
640,0264
641,0265
642,0266
643,0268
644,0269
645,0269
646,0270
647,0271
648,0271
649,0273
650,0274
651,0274
652,0274
653,0275
654,0275
655,0276
656,0276
657,0276
658,0277
659,0277
660,0278
661,0278
662,0278
663,0278
664,0279
