1,0001
2,0001
1,0003
1,0003
3,0003
4,0005
3,0005
5,0005
6,0006
2,0006
7,0006
8,0006
9,0007
5,0009
10,0009
11,0010
12,0010
13,0011
14,0011
15,0011
16,0011
17,0012
18,0012
19,0012
1,0013
20,0013
21,0013
22,0014
23,0014
24,0015
25,0017
26,0018
27,0018
1,0018
28,0019
29,0019
1,0019
30,0019
31,0020
32,0020
33,0020
34,0021
35,0021
36,0021
37,0022
38,0022
39,0022
40,0023
41,0023
42,0023
43,0024
44,0024
45,0024
46,0025
47,0025
48,0025
49,0026
50,0026
51,0026
52,0027
53,0027
54,0027
55,0027
56,0028
57,0028
58,0029
59,0029
60,0029
61,0030
62,0030
63,0030
64,0031
65,0031
66,0031
67,0032
68,0032
69,0033
70,0033
71,0033
72,0033
73,0034
74,0034
75,0034
76,0035
77,0035
78,0035
79,0036
80,0036
81,0036
82,0037
83,0037
84,0037
85,0038
86,0038
87,0038
88,0039
89,0039
90,0039
91,0040
92,0040
93,0040
94,0041
95,0041
96,0041
97,0042
1,0042
98,0042
99,0042
100,0043
101,0043
102,0043
103,0044
104,0044
105,0044
106,0045
107,0045
108,0045
109,0046
110,0046
111,0046
112,0047
113,0047
114,0047
115,0048
116,0048
117,0048
118,0049
119,0049
120,0049
121,0049
122,0050
123,0050
124,0050
125,0051
126,0051
127,0051
128,0052
129,0052
130,0052
131,0053
132,0053
133,0053
134,0054
135,0054
136,0054
137,0055
138,0055
139,0055
140,0055
141,0056
142,0056
143,0056
144,0057
145,0057
146,0057
147,0058
148,0058
149,0058
150,0059
151,0059
152,0059
153,0060
154,0060
155,0060
156,0061
157,0061
158,0061
159,0061
160,0062
161,0062
162,0062
163,0063
164,0063
165,0064
166,0064
167,0064
168,0065
169,0065
170,0065
171,0065
172,0066
173,0066
174,0066
175,0066
176,0067
177,0067
178,0067
179,0067
180,0067
181,0068
182,0068
183,0068
184,0068
185,0068
186,0068
187,0069
188,0069
189,0069
190,0069
191,0069
192,0069
193,0070
194,0070
195,0070
196,0070
197,0070
198,0070
199,0071
200,0071
201,0071
202,0071
203,0071
204,0072
205,0072
206,0072
207,0072
208,0072
209,0072
210,0072
211,0073
212,0073
213,0073
214,0073
215,0073
216,0073
217,0074
218,0074
219,0074
220,0074
221,0074
222,0075
223,0075
224,0075
225,0076
226,0076
227,0076
228,0076
229,0076
230,0077
231,0077
232,0077
233,0077
234,0077
235,0078
236,0078
237,0078
238,0078
239,0078
240,0079
241,0079
242,0079
243,0080
244,0080
245,0081
246,0081
247,0081
248,0082
249,0082
250,0082
251,0082
252,0083
253,0083
254,0083
255,0083
256,0083
257,0084
258,0084
259,0084
260,0084
261,0085
262,0085
263,0085
264,0085
265,0085
266,0085
267,0085
268,0085
269,0086
270,0086
271,0086
272,0086
273,0086
274,0086
275,0087
276,0087
277,0087
278,0087
279,0087
280,0087
281,0087
282,0088
283,0088
284,0088
285,0088
286,0088
287,0088
288,0088
289,0089
290,0089
291,0089
292,0089
293,0089
294,0090
295,0090
296,0090
297,0090
298,0090
299,0090
300,0091
301,0091
302,0091
303,0091
304,0091
305,0091
306,0091
307,0092
308,0092
309,0092
310,0092
311,0092
312,0092
313,0093
314,0093
315,0093
316,0093
317,0093
318,0093
319,0093
320,0094
321,0094
322,0094
323,0094
324,0094
325,0094
326,0094
327,0095
1,0095
328,0095
1,0095
329,0095
330,0095
331,0095
332,0095
333,0096
334,0096
335,0096
336,0096
337,0096
338,0096
339,0097
340,0097
341,0097
342,0097
343,0097
344,0097
345,0097
346,0097
347,0098
348,0098
349,0098
350,0098
351,0098
352,0099
353,0099
354,0099
355,0099
356,0099
357,0099
358,0099
359,0100
360,0100
361,0100
362,0100
363,0100
364,0100
365,0101
366,0101
367,0101
368,0101
369,0101
370,0101
371,0102
372,0102
373,0102
374,0102
375,0102
376,0102
377,0102
378,0103
379,0103
380,0103
381,0103
382,0103
383,0104
384,0104
385,0104
386,0104
387,0105
388,0105
389,0105
390,0105
391,0105
392,0106
393,0106
394,0106
395,0106
396,0106
397,0106
398,0106
399,0106
400,0106
401,0106
402,0107
403,0107
404,0107
405,0107
406,0107
407,0107
408,0107
409,0107
410,0107
411,0108
412,0108
413,0108
414,0108
415,0108
416,0108
417,0108
418,0108
419,0108
420,0108
421,0109
422,0109
423,0109
424,0109
425,0109
426,0109
427,0109
428,0109
429,0109
430,0110
431,0110
432,0110
433,0110
434,0110
435,0110
436,0110
437,0110
438,0110
439,0111
440,0111
441,0111
442,0111
443,0111
444,0111
445,0111
446,0111
447,0111
448,0111
449,0112
450,0112
451,0112
452,0112
453,0112
454,0112
455,0112
456,0112
457,0112
458,0112
459,0113
460,0113
461,0113
462,0113
463,0114
464,0114
465,0115
466,0115
467,0116
468,0118
469,0118
470,0119
471,0119
472,0120
473,0120
474,0122
475,0122
476,0122
477,0123
478,0123
479,0123
480,0124
481,0124
482,0124
483,0125
484,0125
485,0125
486,0126
487,0126
488,0127
489,0127
490,0127
491,0128
492,0128
493,0128
494,0129
495,0129
496,0129
497,0129
498,0129
499,0130
500,0130
501,0130
502,0130
503,0130
504,0131
505,0131
506,0131
507,0132
508,0133
509,0133
510,0134
511,0136
512,0136
513,0139
514,0139
515,0139
516,0140
517,0140
518,0140
519,0141
520,0141
521,0142
522,0142
523,0142
524,0143
525,0143
526,0144
527,0144
528,0145
529,0145
530,0145
531,0145
532,0146
533,0146
534,0146
535,0147
536,0147
537,0147
538,0148
539,0148
540,0148
541,0149
542,0149
543,0149
544,0149
545,0150
546,0150
547,0150
548,0151
549,0151
550,0151
551,0151
552,0152
553,0152
554,0152
555,0153
556,0153
557,0153
558,0154
559,0154
560,0154
561,0155
562,0155
563,0155
564,0156
565,0156
566,0156
2,0156
567,0157
568,0157
569,0157
570,0157
571,0158
572,0158
573,0158
574,0159
575,0159
576,0159
577,0159
578,0160
579,0160
580,0160
581,0161
582,0161
583,0161
584,0162
585,0162
586,0162
587,0163
588,0163
589,0163
590,0164
591,0164
592,0164
593,0164
594,0165
595,0165
3,0165
596,0165
597,0165
598,0166
599,0166
600,0166
601,0167
602,0167
603,0167
604,0168
605,0168
606,0168
607,0168
608,0169
609,0169
610,0170
611,0170
612,0170
613,0170
614,0171
615,0171
616,0171
1,0172
617,0172
618,0172
619,0172
620,0173
621,0173
622,0174
623,0174
624,0174
625,0174
626,0175
627,0175
628,0175
629,0176
630,0176
631,0176
632,0176
633,0177
634,0177
635,0177
636,0178
637,0178
638,0178
1,0179
5,0179
639,0179
640,0180
641,0180
642,0180
643,0181
644,0181
645,0181
646,0181
647,0182
648,0182
649,0183
650,0183
651,0183
652,0184
653,0184
654,0184
655,0184
656,0185
657,0185
658,0185
659,0185
660,0186
661,0186
662,0186
663,0186
664,0186
665,0186
666,0187
667,0187
668,0187
669,0187
670,0187
671,0187
672,0188
673,0188
674,0188
675,0188
676,0188
677,0188
678,0188
679,0188
680,0189
681,0189
682,0189
2,0189
683,0189
684,0189
685,0189
686,0190
687,0190
688,0190
689,0190
690,0190
691,0191
692,0191
693,0191
694,0191
695,0191
696,0191
697,0191
698,0192
699,0192
700,0192
701,0192
702,0192
703,0192
704,0192
705,0193
706,0193
707,0193
708,0193
709,0193
710,0193
711,0193
712,0194
713,0194
714,0194
715,0194
716,0194
717,0194
718,0194
719,0194
720,0195
721,0195
722,0195
723,0195
724,0195
725,0195
726,0196
727,0196
728,0196
729,0196
730,0196
731,0196
732,0196
733,0197
734,0197
735,0197
736,0197
737,0197
738,0197
739,0197
740,0197
741,0198
742,0198
743,0198
744,0198
745,0198
746,0198
747,0198
748,0199
749,0199
750,0199
751,0199
752,0199
753,0199
754,0199
755,0200
756,0200
757,0200
758,0200
759,0200
760,0200
761,0200
762,0200
763,0201
764,0201
765,0201
766,0201
767,0201
768,0201
769,0202
770,0202
771,0202
772,0202
773,0202
774,0202
775,0203
776,0203
777,0203
778,0203
779,0203
780,0204
781,0204
782,0204
783,0205
784,0205
785,0205
786,0206
787,0206
788,0207
789,0208
790,0209
791,0209
792,0209
793,0210
3,0210
794,0211
795,0211
796,0211
797,0212
798,0212
799,0213
800,0213
801,0213
802,0214
803,0214
804,0215
805,0215
806,0215
807,0216
1,0216
808,0216
809,0216
810,0217
811,0217
812,0217
813,0217
814,0218
815,0218
816,0218
817,0218
818,0219
1,0219
819,0219
820,0219
821,0220
822,0220
823,0221
824,0221
825,0222
826,0224
827,0225
828,0225
2,0226
829,0226
830,0227
831,0228
832,0228
833,0229
834,0229
835,0230
836,0230
837,0230
838,0231
839,0231
840,0231
841,0232
842,0232
843,0232
844,0232
845,0233
846,0233
847,0233
848,0233
849,0233
850,0233
851,0233
852,0234
853,0234
854,0234
855,0236
856,0237
857,0239
858,0239
859,0239
860,0240
861,0241
862,0241
863,0241
864,0242
865,0242
866,0242
867,0242
868,0244
869,0245
870,0246
871,0247
872,0248
873,0249
874,0252
875,0252
876,0253
877,0254
878,0255
879,0256
880,0257
881,0258
882,0259
883,0259
884,0260
885,0260
886,0261
887,0261
2,0262
888,0262
889,0262
890,0263
891,0264
892,0265
893,0266
894,0267
1,0268
895,0268
896,0268
897,0269
898,0269
899,0270
900,0271
901,0272
902,0274
903,0274
1,0276
904,0276
905,0280
906,0280
907,0281
2,0281
2,0281
1,0282
1,0282
1,0282
1,0282
908,0282
909,0283
910,0283
911,0284
912,0284
913,0285
914,0285
915,0286
916,0287
917,0288
918,0289
919,0289
920,0289
921,0289
922,0289
923,0290
924,0290
925,0290
926,0290
927,0290
928,0291
929,0291
930,0291
931,0291
932,0291
933,0292
934,0292
935,0292
936,0292
937,0292
938,0293
939,0293
940,0293
941,0294
942,0295
943,0296
1,0297
944,0297
945,0298
946,0298
947,0299
948,0300
949,0300
950,0301
951,0301
952,0302
953,0303
954,0304
955,0305
956,0305
957,0306
958,0307
959,0307
960,0307
961,0307
962,0308
963,0312
2,0312
964,0314
965,0315
966,0316
2,0316
967,0317
968,0317
969,0318
970,0319
971,0319
972,0319
973,0320
974,0320
975,0321
976,0323
977,0323
978,0323
979,0324
980,0327
981,0330
4,0330
982,0331
983,0333
984,0334
985,0334
986,0334
987,0335
988,0336
989,0337
990,0339
991,0339
992,0339
993,0340
994,0344
995,0344
996,0345
997,0346
998,0346
999,0347
1000,0347
1001,0348
1002,0350
2,0351
1003,0351
1004,0352
1005,0353
1006,0353
1007,0354
1008,0355
1009,0357
1010,0357
1011,0357
1012,0358
1013,0358
1,0359
1014,0359
1015,0359
1016,0360
1,0360
1,0360
1017,0360
1018,0361
2,0362
3,0363
4,0363
1019,0363
1020,0364
1021,0364
1022,0364
1023,0365
1024,0365
1025,0365
1026,0366
1027,0366
1028,0366
1029,0367
1030,0367
1031,0367
1032,0367
1033,0368
1034,0368
1035,0368
1036,0368
1037,0368
1038,0368
1039,0369
1040,0369
1041,0369
1042,0370
1043,0370
1044,0370
1045,0370
1046,0372
1047,0372
1048,0374
1049,0375
1050,0375
1051,0376
1052,0378
1053,0379
1054,0380
1055,0381
1056,0382
1057,0382
1058,0383
1059,0383
1060,0384
1061,0385
1062,0386
1063,0387
1064,0388
1065,0388
1066,0389
1067,0390
1068,0391
1069,0392
1070,0393
1071,0393
4,0393
1072,0394
1073,0394
1074,0394
1075,0394
1076,0394
1077,0395
1,0395
1,0395
3,0395
3,0395
4,0395
4,0395
1,0396
1078,0397
1079,0397
1080,0398
1081,0399
1082,0402
1083,0403
1,0403
1,0404
1,0404
1084,0405
1085,0406
1086,0407
1087,0408
1088,0408
1089,0409
1090,0409
1091,0409
1092,0409
1093,0410
1094,0410
1095,0411
1096,0411
1097,0411
1098,0411
1099,0412
1100,0413
1101,0414
1102,0414
1103,0414
1104,0415
1105,0416
1106,0416
1107,0416
1108,0416
1109,0417
1110,0417
1111,0417
1112,0418
1113,0418
1114,0418
1115,0419
1116,0419
1117,0422
1118,0422
1119,0422
1120,0423
1121,0423
1122,0423
1123,0424
1124,0425
1125,0425
1126,0425
1127,0425
1128,0426
1129,0426
1130,0427
1131,0427
1132,0428
1133,0428
1134,0428
1135,0428
1136,0429
1137,0429
1138,0429
1139,0431
1140,0432
1141,0432
1142,0432
1143,0433
1144,0433
1145,0433
1146,0434
1147,0434
1148,0436
1149,0437
1150,0437
1151,0438
1152,0438
1153,0438
1154,0439
1155,0439
1156,0440
1157,0440
1158,0441
1159,0441
1160,0441
1161,0442
1162,0443
1163,0445
1164,0448
1165,0448
1166,0449
1167,0450
1168,0452
1169,0452
1170,0452
1171,0458
1172,0458
1173,0459
1174,0460
1175,0460
1176,0460
1177,0461
1178,0462
1179,0462
1180,0463
1181,0463
1182,0464
1183,0464
1184,0466
1185,0467
1186,0467
1187,0468
1188,0470
1189,0471
1190,0474
1191,0474
1192,0475
1193,0475
1194,0475
1195,0477
1196,0477
1197,0478
1198,0478
1199,0478
1200,0478
1201,0479
1202,0479
1203,0480
1204,0481
1205,0482
1206,0483
1207,0484
1208,0484
1209,0487
1210,0490
1211,0490
1212,0494
1213,0494
1214,0495
1215,0495
1216,0498
1217,0498
1218,0501
1219,0502
1220,0502
1221,0503
1222,0504
1223,0504
1224,0504
1225,0505
1226,0506
1227,0506
1228,0507
1229,0507
1230,0508
1231,0508
1232,0509
1233,0512
1234,0512
1235,0512
1236,0513
1237,0513
1238,0513
1239,0514
1240,0514
1241,0514
1242,0515
1243,0515
1244,0515
1245,0515
1246,0515
1247,0516
1248,0516
1249,0516
1250,0516
1251,0516
1252,0517
1253,0517
1254,0517
1255,0517
1256,0517
1257,0518
1258,0518
1259,0518
1260,0518
1261,0519
1262,0519
1263,0519
1264,0519
1265,0519
1266,0520
1267,0520
1268,0520
1269,0520
1270,0520
1271,0521
1272,0521
1273,0521
1274,0521
1275,0521
1276,0522
1277,0522
1278,0522
1279,0522
1280,0522
1281,0523
1282,0523
1283,0523
1284,0524
1285,0524
1286,0524
1287,0524
1288,0524
1289,0525
1290,0525
1291,0525
1292,0525
1293,0525
1294,0526
1295,0526
1296,0527
1297,0527
1298,0527
1299,0527
1300,0527
1301,0528
1302,0528
1303,0528
1304,0528
1305,0528
1306,0529
1307,0529
1308,0529
1309,0529
1310,0529
1311,0530
1312,0530
1313,0530
1314,0530
1315,0530
1316,0531
1317,0531
1318,0531
1319,0531
1320,0531
1321,0532
1322,0532
1323,0532
1324,0532
1325,0532
1326,0533
1327,0533
1328,0533
1329,0533
1330,0534
1331,0534
1332,0534
1333,0534
1334,0534
1335,0534
1336,0535
1337,0535
1338,0535
1339,0536
1340,0537
1341,0537
1342,0538
1343,0538
1344,0538
1345,0539
1346,0540
1347,0540
1348,0540
1349,0541
1350,0541
1351,0542
1352,0542
1353,0543
1354,0543
1355,0543
1356,0543
1357,0544
1358,0544
1359,0544
1360,0546
1361,0546
1362,0548
1363,0548
1364,0549
1365,0551
1366,0552
