1,0001
2,0002
3,0003
4,0003
5,0005
6,0007
7,0007
8,0008
9,0011
10,0011
11,0012
12,0012
13,0013
14,0013
15,0013
16,0014
17,0014
18,0014
19,0014
20,0015
21,0015
22,0015
23,0016
24,0016
25,0016
26,0017
27,0017
28,0018
29,0019
30,0020
31,0020
32,0020
33,0022
34,0024
35,0024
36,0025
37,0025
38,0026
39,0027
40,0027
41,0027
42,0028
43,0028
44,0028
45,0029
46,0029
47,0030
48,0030
49,0032
1,0032
50,0032
51,0032
52,0032
53,0032
54,0033
55,0033
56,0033
57,0033
58,0033
59,0034
60,0035
61,0036
62,0037
63,0038
64,0039
65,0039
66,0039
67,0039
68,0040
69,0040
70,0040
71,0042
72,0042
73,0043
74,0043
75,0044
76,0044
77,0044
78,0045
79,0046
80,0047
81,0047
82,0049
83,0050
84,0051
85,0051
86,0052
87,0053
88,0054
89,0055
1,0055
90,0055
91,0056
92,0056
93,0057
94,0057
95,0058
96,0059
97,0060
98,0060
99,0061
100,0061
101,0062
102,0063
103,0063
104,0064
105,0066
106,0067
107,0067
108,0068
109,0068
110,0069
111,0070
112,0072
113,0072
114,0073
115,0074
116,0074
117,0075
118,0076
119,0076
120,0077
121,0078
122,0079
123,0079
124,0080
125,0081
126,0081
127,0082
128,0083
129,0084
130,0084
131,0085
132,0087
133,0088
134,0088
1,0088
135,0089
136,0089
137,0090
7,0090
138,0091
139,0092
140,0092
141,0093
1,0093
142,0094
2,0094
3,0094
143,0094
144,0095
145,0096
146,0097
147,0098
148,0098
149,0100
150,0100
151,0100
152,0101
153,0101
154,0102
155,0103
156,0103
157,0104
158,0105
159,0105
160,0106
161,0108
162,0108
2,0108
163,0109
164,0109
165,0110
166,0111
2,0112
167,0112
168,0113
169,0114
1,0114
170,0114
1,0114
171,0115
172,0115
173,0116
2,0116
174,0116
2,0117
175,0117
176,0117
177,0118
178,0118
179,0119
180,0120
181,0120
182,0121
183,0121
184,0122
185,0122
186,0123
3,0123
5,0123
187,0123
188,0124
189,0124
190,0125
191,0125
1,0126
192,0126
193,0128
194,0129
195,0129
196,0131
197,0131
198,0132
199,0134
2,0134
200,0135
201,0135
202,0135
203,0136
204,0136
205,0137
206,0138
207,0139
1,0141
208,0141
209,0142
1,0142
210,0143
211,0144
212,0144
213,0144
214,0144
215,0145
216,0146
2,0146
217,0147
218,0148
219,0149
220,0150
221,0151
222,0151
223,0152
3,0153
3,0153
224,0154
225,0154
226,0155
227,0156
228,0157
229,0158
230,0161
1,0161
231,0162
232,0162
233,0163
234,0164
1,0165
235,0166
236,0166
1,0167
237,0168
238,0169
239,0169
240,0170
241,0171
242,0171
243,0171
244,0172
245,0172
246,0173
247,0174
248,0175
249,0175
250,0176
251,0177
252,0178
253,0179
254,0180
255,0181
256,0181
257,0182
258,0183
1,0183
259,0184
6,0184
260,0185
261,0185
262,0188
263,0189
264,0189
265,0189
266,0189
267,0190
268,0190
269,0190
270,0190
271,0190
272,0190
273,0191
274,0192
275,0192
276,0192
277,0192
278,0192
279,0193
280,0193
281,0193
282,0193
283,0193
284,0193
285,0193
286,0194
287,0194
288,0194
289,0194
290,0194
291,0194
292,0195
293,0195
2,0195
294,0195
295,0195
296,0196
297,0196
298,0196
299,0197
300,0198
301,0198
302,0198
303,0199
304,0200
305,0201
306,0201
307,0202
308,0202
309,0202
310,0203
311,0204
312,0204
313,0204
314,0205
315,0205
316,0206
317,0206
318,0206
319,0207
320,0209
321,0210
322,0210
323,0211
324,0212
325,0212
326,0213
327,0213
328,0214
329,0214
330,0214
331,0215
332,0215
333,0216
334,0217
335,0217
336,0217
337,0217
338,0218
339,0218
340,0218
341,0218
342,0219
343,0219
344,0219
345,0220
346,0221
347,0221
348,0221
349,0222
350,0222
351,0223
352,0223
353,0224
354,0224
355,0225
356,0225
357,0225
358,0226
359,0226
360,0226
361,0227
362,0227
363,0227
364,0228
365,0228
366,0231
2,0232
367,0232
368,0233
369,0234
370,0234
371,0235
372,0235
373,0236
374,0236
375,0236
376,0237
377,0239
378,0239
379,0239
380,0240
381,0240
382,0240
383,0240
384,0241
385,0241
386,0241
387,0242
388,0242
389,0243
1,0243
390,0243
391,0243
392,0243
393,0243
394,0243
1,0243
395,0244
396,0244
397,0244
398,0244
399,0244
400,0244
401,0246
402,0246
403,0246
404,0246
405,0246
406,0246
407,0246
408,0246
409,0246
410,0246
411,0246
412,0246
413,0246
414,0246
415,0247
416,0247
417,0248
418,0249
419,0250
420,0250
421,0251
422,0251
423,0252
424,0253
425,0254
426,0255
427,0256
428,0257
429,0257
430,0258
431,0259
3,0259
5,0259
432,0261
433,0261
434,0262
435,0263
436,0263
437,0263
438,0264
439,0264
440,0264
441,0264
442,0264
443,0264
444,0265
445,0266
446,0266
447,0267
2,0267
448,0267
449,0268
450,0268
451,0269
452,0269
453,0269
454,0269
455,0269
456,0269
457,0269
458,0270
459,0271
460,0271
1,0272
461,0272
462,0272
463,0274
464,0274
465,0275
466,0275
467,0275
468,0276
469,0278
470,0278
471,0279
472,0279
473,0280
474,0280
475,0280
476,0281
477,0281
478,0281
479,0283
480,0283
481,0283
482,0284
483,0284
484,0284
485,0284
486,0284
487,0284
488,0285
489,0285
490,0285
491,0285
492,0285
493,0286
494,0286
495,0286
496,0286
497,0287
498,0287
499,0288
500,0288
501,0288
502,0289
503,0289
504,0289
505,0289
506,0290
507,0290
508,0291
509,0292
510,0292
511,0293
512,0294
513,0294
514,0294
515,0294
516,0294
517,0295
518,0298
519,0298
520,0298
2,0299
521,0299
522,0299
523,0300
524,0300
525,0301
526,0301
527,0301
528,0302
529,0303
530,0305
531,0305
532,0305
533,0306
534,0307
535,0307
536,0309
1,0309
537,0309
538,0310
539,0310
540,0312
541,0312
542,0314
543,0314
544,0315
545,0315
546,0316
547,0316
548,0316
549,0316
550,0317
551,0317
552,0317
553,0317
554,0319
555,0320
556,0320
557,0321
558,0322
559,0322
560,0322
561,0323
562,0323
563,0323
564,0323
565,0323
566,0323
567,0323
568,0323
569,0323
570,0323
571,0323
572,0323
573,0323
574,0323
575,0324
576,0324
577,0324
578,0324
579,0324
580,0324
581,0325
582,0325
583,0325
584,0325
585,0327
2,0327
586,0327
2,0327
587,0328
1,0328
1,0328
588,0329
589,0329
590,0330
591,0330
592,0331
593,0331
594,0332
595,0332
596,0333
597,0333
598,0334
599,0334
600,0334
601,0335
602,0335
603,0336
604,0336
605,0337
606,0337
607,0337
608,0338
609,0338
610,0338
611,0339
