1,0001
2,0002
3,0003
4,0003
5,0004
6,0004
7,0004
8,0005
9,0005
10,0005
11,0006
12,0006
13,0007
14,0007
15,0008
16,0008
17,0008
18,0009
19,0009
20,0009
21,0009
22,0010
23,0010
24,0011
25,0011
26,0012
27,0012
28,0013
29,0013
30,0014
31,0014
32,0014
33,0014
34,0015
35,0015
36,0015
37,0016
38,0016
39,0017
40,0017
41,0017
42,0017
43,0018
44,0018
45,0018
46,0019
47,0019
48,0020
49,0020
50,0020
51,0021
52,0021
53,0021
54,0021
55,0022
56,0022
57,0022
58,0023
59,0023
60,0023
61,0024
62,0024
63,0025
64,0025
65,0025
66,0025
67,0026
68,0026
69,0027
70,0027
71,0028
72,0029
73,0030
74,0030
75,0031
76,0031
77,0031
78,0031
79,0032
80,0032
81,0033
82,0033
83,0034
84,0034
85,0035
86,0035
87,0035
88,0036
89,0036
90,0036
91,0036
92,0037
93,0038
94,0038
95,0038
96,0038
97,0039
98,0039
99,0040
100,0040
101,0040
102,0041
103,0041
104,0041
105,0042
106,0042
107,0043
108,0043
109,0043
110,0044
111,0044
112,0044
113,0044
114,0045
115,0045
116,0046
117,0046
118,0046
119,0047
120,0047
121,0047
122,0048
123,0048
124,0049
125,0049
126,0050
127,0050
128,0050
129,0051
130,0051
131,0051
132,0051
133,0052
134,0052
135,0053
136,0053
137,0053
138,0053
139,0054
140,0054
141,0054
142,0054
143,0055
144,0055
145,0056
146,0056
147,0056
148,0056
149,0057
150,0057
151,0057
152,0058
153,0058
154,0058
155,0058
156,0059
157,0059
158,0059
159,0060
160,0060
161,0060
162,0060
163,0061
164,0061
165,0062
166,0062
167,0062
168,0063
169,0063
170,0063
171,0064
172,0064
173,0064
174,0064
175,0065
176,0065
177,0066
178,0066
179,0066
180,0067
181,0067
182,0067
183,0067
184,0068
185,0068
186,0069
187,0069
188,0069
189,0069
190,0070
191,0070
192,0070
193,0071
194,0071
195,0071
196,0072
197,0073
198,0073
199,0073
200,0073
201,0074
202,0074
203,0075
204,0075
205,0076
206,0076
207,0076
208,0076
209,0077
210,0077
211,0078
212,0078
213,0078
214,0079
215,0079
216,0079
217,0079
218,0080
219,0080
220,0081
221,0081
222,0082
223,0082
224,0082
225,0082
226,0083
227,0083
228,0083
229,0083
230,0084
231,0084
232,0085
233,0085
234,0085
235,0085
236,0085
237,0086
238,0086
239,0086
240,0086
241,0087
242,0087
243,0087
244,0088
245,0088
246,0089
247,0089
248,0089
249,0089
250,0090
251,0090
252,0090
253,0090
254,0091
255,0092
256,0092
257,0092
258,0092
259,0093
260,0093
261,0093
262,0094
263,0094
264,0094
265,0095
266,0095
267,0095
268,0096
269,0096
270,0096
271,0096
272,0097
273,0098
274,0098
275,0098
276,0098
277,0098
278,0099
279,0099
280,0099
281,0099
282,0100
283,0101
284,0101
285,0101
286,0101
287,0102
288,0102
289,0103
290,0103
291,0103
292,0103
293,0104
294,0104
295,0104
296,0105
297,0105
298,0106
299,0106
300,0106
301,0106
302,0107
303,0107
304,0107
305,0107
306,0108
307,0108
308,0108
309,0109
310,0109
311,0109
312,0110
313,0110
314,0110
315,0110
316,0111
317,0111
318,0111
319,0112
320,0112
321,0112
322,0112
323,0113
324,0113
325,0113
326,0114
327,0114
328,0115
329,0115
330,0115
331,0115
332,0116
333,0116
334,0116
335,0116
336,0117
337,0117
338,0117
339,0118
340,0118
341,0118
342,0118
343,0119
344,0119
345,0119
346,0119
347,0120
348,0120
349,0120
350,0120
351,0121
352,0121
353,0121
354,0121
355,0122
356,0122
357,0122
358,0122
359,0123
360,0123
361,0123
362,0124
363,0125
364,0125
365,0125
366,0126
367,0126
368,0126
369,0126
370,0127
371,0127
372,0127
373,0128
374,0128
375,0128
376,0128
377,0129
378,0129
379,0129
380,0130
381,0130
382,0130
383,0130
384,0131
385,0131
386,0131
387,0131
388,0132
389,0132
390,0132
391,0133
392,0133
393,0133
394,0134
395,0134
396,0134
397,0135
398,0135
399,0135
400,0135
401,0136
402,0136
403,0137
404,0137
405,0138
406,0138
407,0139
408,0139
409,0139
410,0139
411,0140
412,0140
413,0140
414,0140
415,0141
416,0141
417,0141
418,0142
419,0142
420,0142
421,0143
423,0143
423,0143
424,0143
425,0144
426,0144
427,0144
428,0144
429,0145
430,0145
431,0145
432,0145
433,0146
434,0146
435,0146
436,0147
437,0147
438,0147
439,0148
440,0148
441,0148
442,0149
443,0150
444,0150
445,0151
446,0151
447,0151
448,0151
449,0152
450,0152
451,0152
452,0152
453,0153
454,0153
455,0154
456,0154
457,0154
458,0154
459,0155
460,0155
461,0155
462,0155
463,0156
464,0156
465,0156
466,0157
467,0157
468,0157
469,0157
470,0158
471,0158
472,0159
473,0159
474,0159
475,0160
476,0160
477,0160
478,0160
479,0160
480,0161
481,0161
482,0162
483,0162
484,0162
485,0163
486,0163
487,0164
488,0164
489,0165
490,0165
491,0166
492,0166
493,0166
494,0166
495,0167
496,0167
497,0167
498,0167
499,0168
500,0168
501,0168
502,0169
503,0169
504,0169
505,0170
506,0170
507,0170
508,0170
509,0171
510,0171
511,0171
512,0172
513,0172
514,0172
515,0172
516,0173
517,0173
518,0174
519,0174
520,0174
521,0175
522,0175
523,0175
524,0176
525,0176
526,0176
527,0176
528,0177
529,0177
530,0177
531,0178
532,0178
533,0178
534,0178
535,0179
536,0179
537,0179
538,0180
539,0180
540,0180
541,0181
542,0181
583,0181
544,0182
545,0182
546,0182
547,0182
548,0182
549,0183
550,0183
551,0183
552,0184
553,0184
554,0184
555,0184
556,0185
557,0185
558,0185
559,0186
560,0186
561,0186
562,0187
563,0187
564,0187
565,0187
566,0188
567,0188
568,0188
569,0188
570,0189
571,0189
572,0189
573,0189
574,0190
575,0190
576,0190
577,0191
578,0191
579,0191
580,0191
581,0192
582,0192
583,0193
584,0193
585,0193
586,0194
587,0194
588,0194
589,0194
590,0195
591,0195
592,0195
593,0196
594,0196
595,0196
596,0196
597,0197
598,0197
599,0197
600,0198
601,0198
602,0198
603,0198
604,0199
605,0199
606,0200
607,0200
608,0200
609,0200
610,0201
611,0201
612,0202
613,0202
614,0202
615,0202
616,0203
617,0203
618,0203
619,0203
620,0204
621,0205
622,0205
623,0205
624,0205
625,0206
626,0206
627,0207
628,0207
629,0207
630,0208
631,0208
632,0208
633,0208
634,0209
635,0209
636,0209
637,0210
638,0210
639,0210
640,0210
641,0211
642,0211
643,0211
644,0211
645,0212
646,0212
647,0212
648,0213
649,0213
650,0213
651,0213
652,0214
653,0214
654,0214
655,0215
656,0215
657,0215
658,0215
659,0216
660,0216
661,0216
662,0217
663,0217
664,0217
665,0217
666,0218
667,0218
668,0218
669,0219
670,0219
671,0219
672,0219
673,0220
674,0220
675,0220
676,0221
677,0221
678,0221
679,0221
680,0222
681,0222
682,0222
683,0223
684,0223
685,0223
686,0223
687,0224
688,0224
689,0224
690,0225
691,0225
692,0225
693,0225
694,0226
695,0226
696,0226
697,0227
698,0227
699,0227
700,0228
701,0228
702,0228
703,0229
704,0229
705,0230
706,0230
707,0230
708,0231
709,0231
710,0231
711,0232
712,0232
713,0232
714,0232
715,0233
716,0233
717,0233
718,0234
719,0234
720,0234
721,0234
722,0235
723,0235
724,0235
725,0236
726,0236
727,0236
728,0236
729,0237
730,0237
731,0237
732,0238
733,0238
734,0238
735,0238
736,0239
737,0239
738,0239
739,0240
740,0240
741,0240
742,0240
743,0241
744,0241
745,0242
746,0242
747,0242
748,0242
749,0243
750,0243
751,0243
752,0244
753,0244
754,0245
755,0245
756,0245
757,0245
758,0246
759,0246
760,0246
761,0247
762,0247
763,0247
764,0248
765,0248
766,0248
767,0249
768,0249
769,0250
770,0250
771,0250
772,0250
773,0251
774,0251
775,0251
776,0251
777,0252
778,0253
779,0253
780,0253
781,0253
782,0254
783,0254
784,0254
785,0255
786,0255
787,0255
788,0255
789,0256
790,0256
791,0256
792,0257
793,0257
794,0258
795,0258
796,0258
797,0258
798,0259
799,0259
800,0259
801,0260
802,0260
803,0260
804,0261
805,0261
806,0261
807,0262
808,0262
809,0263
810,0263
811,0263
812,0264
813,0264
814,0265
815,0265
816,0265
817,0265
818,0266
819,0266
820,0267
821,0267
822,0267
823,0268
824,0268
825,0269
826,0269
827,0269
828,0269
829,0270
830,0270
831,0270
832,0271
833,0271
834,0271
835,0271
836,0272
837,0272
838,0273
839,0273
840,0273
841,0273
842,0274
843,0274
844,0275
845,0275
846,0275
847,0275
848,0276
849,0276
850,0276
851,0276
852,0277
853,0277
854,0277
855,0278
856,0278
857,0278
858,0278
859,0279
860,0279
861,0279
862,0279
863,0280
864,0280
865,0280
866,0281
867,0281
868,0281
869,0282
870,0283
871,0283
872,0283
873,0284
874,0284
875,0285
876,0285
877,0285
878,0285
879,0286
880,0286
881,0286
882,0286
883,0287
884,0287
885,0288
886,0288
887,0288
888,0289
889,0291
890,0291
891,0291
892,0292
893,0292
894,0292
895,0292
896,0293
897,0293
898,0293
899,0294
900,0294
901,0294
902,0294
903,0295
904,0295
905,0296
906,0296
907,0296
908,0297
909,0297
910,0297
911,0297
912,0298
913,0298
914,0298
915,0299
916,0299
917,0299
918,0300
919,0300
920,0300
920,0301
922,0301
923,0301
924,0302
925,0302
926,0303
927,0303
928,0303
929,0303
930,0304
931,0304
932,0304
933,0305
934,0305
935,0306
936,0306
937,0306
938,0306
939,0307
940,0307
941,0307
942,0307
943,0308
944,0308
945,0308
946,0309
947,0309
948,0310
949,0310
950,0310
951,0310
952,0311
953,0311
954,0311
955,0312
956,0312
957,0313
958,0313
959,0313
960,0314
961,0314
962,0314
963,0315
964,0315
965,0315
966,0316
967,0316
968,0316
969,0317
970,0317
971,0317
972,0317
973,0318
974,0318
975,0318
976,0319
977,0319
978,0320
979,0320
980,0320
981,0320
982,0321
983,0321
984,0321
985,0322
986,0322
987,0322
988,0322
989,0323
990,0323
991,0323
992,0323
993,0324
994,0324
995,0324
996,0325
997,0325
998,0325
999,0325
1000,0326
1001,0326
1002,0326
1003,0327
1004,0327
1005,0327
1006,0327
1007,0328
1008,0328
1009,0328
1010,0328
1011,0329
1012,0330
1013,0330
1014,0330
1015,0331
1016,0331
1017,0331
1018,0332
1019,0332
1020,0332
1021,0332
1022,0333
1023,0333
1024,0333
1025,0333
1026,0334
1027,0334
1028,0334
1029,0334
1030,0335
1031,0335
1032,0335
1033,0336
1034,0336
1035,0336
1036,0336
1037,0337
1038,0337
1039,0337
1040,0337
1041,0338
1042,0338
1043,0338
1044,0339
1045,0339
1046,0339
1047,0339
1048,0340
1049,0340
1050,0340
1051,0341
1052,0341
1053,0341
1054,0342
1055,0343
1056,0343
1057,0343
1058,0344
1059,0344
1060,0344
1061,0345
1062,0345
1063,0345
1064,0346
1065,0347
1066,0347
1067,0347
1068,0347
1069,0348
1070,0348
1071,0348
1072,0349
1073,0349
1074,0349
1075,0349
1076,0350
1077,0350
1078,0351
1079,0351
1080,0351
1081,0352
1082,0352
1083,0353
1084,0354
1085,0354
1086,0354
1087,0355
1088,0355
1089,0355
1090,0355
1091,0356
1092,0356
1093,0356
1094,0357
1095,0357
1096,0358
1097,0359
1098,0359
1099,0359
1100,0360
1101,0360
1102,0360
1003,0361
1104,0361
1105,0361
1106,0361
1107,0362
1108,0362
1109,0362
1110,0363
1111,0363
1112,0364
1113,0364
1114,0364
1115,0365
1116,0365
1117,0365
1118,0366
1119,0366
1120,0366
1121,0367
1122,0367
1023,0367
1124,0368
1125,0369
1126,0369
1127,0369
1128,0370
1129,0370
1130,0370
1131,0371
1132,0371
1133,0372
1134,0372
1135,0372
1136,0373
1137,0373
1138,0374
1139,0374
1140,0375
1141,0375
1142,0375
1143,0376
1144,0376
1145,0376
1146,0377
1147,0377
1148,0377
1149,0378
1150,0378
1151,0378
1152,0379
1153,0379
1154,0379
1155,0379
1156,0380
1157,0380
1158,0381
1159,0381
1160,0381
1161,0382
1162,0382
1163,0382
1164,0383
1165,0383
1166,0384
1167,0384
1168,0384
1169,0385
1170,0386
1171,0386
1172,0386
1173,0387
1174,0387
1175,0387
1176,0388
1177,0388
1178,0388
1179,0389
1180,0389
1181,0389
1182,0390
1183,0390
1184,0390
1185,0391
1186,0391
1187,0391
1188,0392
1189,0392
1190,0392
1191,0393
1192,0393
1193,0393
1194,0394
1195,0394
1196,0395
1197,0395
1198,0396
1199,0396
1200,0396
1201,0397
1202,0397
1203,0397
1204,0397
1205,0398
1206,0398
1207,0399
1208,0400
1209,0400
1210,0400
1211,0401
1212,0401
1213,0402
1214,0402
1215,0403
1216,0403
1217,0403
1218,0404
1219,0404
1220,0404
1221,0405
1222,0405
1223,0406
1224,0406
1225,0406
1226,0406
1227,0407
1228,0407
1229,0407
1230,0408
1231,0408
1232,0409
1233,0409
1234,0409
1235,0410
1236,0410
1237,0411
1238,0411
1239,0411
1240,0412
1241,0412
1242,0413
1243,0413
1244,0413
1245,0414
1246,0414
1247,0414
1248,0414
1249,0415
1250,0416
1251,0416
1252,0416
1253,0417
1254,0417
1255,0417
1256,0418
1257,0418
1258,0418
1259,0419
1260,0419
1261,0419
1262,0419
1263,0420
1264,0420
1265,0421
1266,0421
1267,0421
1268,0422
1269,0422
1270,0422
1271,0423
1272,0423
1273,0423
1274,0424
1275,0424
1276,0425
1277,0425
1278,0425
1279,0426
1280,0426
1281,0427
1282,0427
1283,0427
1284,0428
1285,0428
1286,0429
1287,0429
1288,0429
1289,0430
1290,0430
1291,0431
1292,0431
1293,0431
1294,0431
1295,0432
1296,0432
1297,0432
1298,0433
1299,0433
1300,0433
1301,0434
1302,0434
1303,0435
1304,0436
1305,0436
1306,0436
1307,0437
1308,0437
1309,0437
1310,0438
1311,0438
1312,0438
1313,0439
1314,0439
1315,0439
1316,0440
1317,0440
1318,0441
1319,0441
1320,0441
1321,0441
1322,0441
1323,0442
1324,0442
1325,0443
1326,0443
1327,0443
1328,0444
1329,0444
1330,0444
1331,0444
1332,0445
1333,0446
1334,0446
1335,0447
1336,0447
1337,0447
1338,0448
1339,0448
1340,0448
1341,0449
1342,0449
1343,0449
1344,0450
1345,0450
1346,0450
1347,0451
1348,0451
1349,0452
1350,0452
1351,0452
1352,0452
1353,0453
1354,0453
1355,0453
1356,0453
1357,0454
1358,0454
1359,0454
1360,0455
1361,0455
1362,0455
1363,0456
1364,0456
1365,0456
1366,0457
1367,0457
1368,0457
1369,0458
1370,0458
1371,0458
1372,0459
1373,0459
1374,0459
1375,0460
1376,0460
1377,0461
1378,0461
1379,0462
1380,0462
1381,0463
1382,0463
1383,0463
1384,0464
1385,0464
1386,0464
1387,0465
1388,0465
1389,0465
1390,0466
1391,0466
1392,0466
1393,0467
1394,0467
1395,0468
1396,0469
1397,0469
1398,0469
1399,0470
1400,0470
1401,0470
1402,0471
1403,0471
1404,0471
1405,0472
1406,0472
1407,0472
1408,0473
1409,0473
1410,0474
1411,0474
1412,0474
1413,0475
1414,0475
1415,0476
1416,0476
1417,0477
1418,0478
1419,0478
1420,0479
1421,0479
1422,0479
1423,0480
1424,0480
1425,0481
1426,0481
1427,0482
1428,0482
1429,0483
1430,0483
1431,0483
1432,0484
1433,0484
1434,0484
1435,0484
1436,0485
1437,0485
1438,0486
1439,0486
1440,0487
1441,0487
1442,0488
1443,0488
1444,0489
1445,0489
1446,0489
1447,0490
1448,0491
1449,0491
1450,0492
1451,0492
1452,0493
1453,0493
1454,0494
1455,0494
1456,0494
1457,0495
1458,0495
1459,0496
1460,0497
1461,0497
1462,0497
1463,0498
1464,0499
1465,0499
1466,0499
1467,0500
1468,0500
1469,0501
1470,0502
1471,0502
1472,0503
1473,0503
1474,0503
1475,0504
1476,0504
1477,0505
1478,0505
1479,0505
1480,0506
1481,0506
1482,0506
1483,0508
1484,0509
1485,0509
1486,0509
1487,0510
1488,0510
1489,0511
1490,0511
1491,0512
1492,0512
1493,0513
1494,0513
1495,0514
1496,0515
1497,0515
1498,0516
1499,0516
1500,0517
1501,0517
1502,0517
1503,0518
1504,0518
1505,0518
1506,0519
1507,0520
1508,0520
1509,0521
1510,0521
1511,0522
1512,0522
1513,0523
1514,0523
1515,0524
1516,0524
1517,0524
1518,0525
1519,0526
1520,0527
1521,0527
1522,0528
1523,0528
1524,0528
1525,0529
1526,0529
1527,0530
1528,0531
1529,0531
1530,0531
1531,0532
1532,0532
1533,0533
1534,0533
1535,0533
1536,0534
1537,0534
1538,0534
1539,0535
1540,0535
1541,0536
1542,0536
1543,0536
1544,0537
1545,0537
1546,0537
1547,0538
1548,0538
1549,0539
1550,0539
1551,0540
1552,0540
1553,0540
1554,0540
1555,0541
1556,0541
1557,0541
1558,0542
1559,0542
1560,0543
1561,0543
1562,0543
1563,0544
1564,0544
1565,0545
1566,0545
1567,0546
1568,0546
1569,0546
1570,0547
1571,0548
1572,0548
1573,0548
1574,0549
1575,0549
1576,0550
1577,0550
1578,0551
1579,0551
1580,0552
1581,0552
1582,0552
1583,0553
1584,0553
1585,0554
1586,0555
1587,0556
1588,0557
1589,0557
1590,0558
1591,0558
1592,0559
1593,0560
1594,0560
1595,0560
1596,0561
1597,0561
1598,0562
1599,0562
1600,0563
1601,0563
1602,0563
1603,0564
1604,0564
1605,0565
1606,0565
1607,0565
1608,0566
1609,0567
1610,0567
1611,0567
1612,0568
1613,0568
1614,0568
1615,0569
1616,0569
1617,0569
1618,0570
1619,0570
1620,0570
1621,0571
1622,0571
1623,0571
1624,0572
1625,0572
1626,0573
1627,0574
1628,0574
1629,0575
1630,0575
1631,0576
1632,0576
1633,0577
1634,0577
1635,0578
1636,0578
1637,0578
1638,0579
1639,0579
1640,0579
1641,0580
1642,0580
1643,0581
1644,0581
1645,0582
1646,0582
1647,0582
1648,0583
1649,0583
1650,0583
1651,0584
1652,0584
1653,0584
1654,0585
1655,0585
1656,0586
1657,0586
1658,0586
1659,0587
1660,0587
1661,0587
1662,0588
1663,0588
1664,0588
1665,0589
1666,0589
1667,0589
1668,0590
1669,0591
1670,0591
1671,0591
1672,0592
1673,0592
1674,0593
1675,0593
1676,0593
1677,0593
1678,0594
1679,0594
1680,0595
1681,0595
1682,0595
1683,0596
1684,0596
1685,0596
1686,0597
1687,0597
1688,0597
1689,0598
1690,0598
1691,0598
1692,0599
1693,0599
1694,0600
1695,0600
1696,0601
1697,0601
1698,0602
1699,0602
1700,0602
1701,0602
1702,0603
1703,0604
1704,0605
1705,0605
1706,0605
1707,0606
1708,0606
1709,0606
1710,0606
1711,0607
1712,0607
1713,0607
1714,0608
1715,0608
1716,0609
1717,0609
1718,0609
1719,0611
1720,0612
1721,0613
1722,0613
1723,0613
1724,0614
1725,0614
1726,0614
1727,0615
1728,0615
1729,0615
1730,0616
1731,0616
1732,0616
1733,0617
1734,0617
1735,0617
1736,0618
1737,0618
1738,0618
1739,0620
1740,0620
1741,0620
1742,0621
1743,0621
1744,0621
1745,0622
1746,0622
1747,0623
1748,0623
1749,0623
1750,0624
1751,0624
1752,0624
1753,0625
1754,0625
1755,0625
1756,0626
1757,0626
1758,0627
1759,0627
1760,0628
1761,0628
1762,0628
1763,0629
1764,0630
1765,0630
1766,0630
1767,0631
1768,0631
1769,0631
1770,0632
1771,0632
1772,0632
1773,0633
1774,0633
1775,0633
1776,0634
1777,0634
1778,0634
1779,0635
1780,0635
1781,0635
1782,0636
1783,0636
1784,0636
1785,0637
1786,0637
1787,0637
1788,0638
1789,0638
1790,0638
1791,0639
1792,0639
1793,0640
1794,0640
1795,0641
1796,0641
1797,0641
1798,0642
1799,0642
1800,0643
1801,0643
1802,0643
1803,0644
1804,0644
1805,0644
1806,0645
1807,0645
1808,0645
1809,0646
1810,0646
1811,0646
1812,0647
1813,0647
1814,0647
1815,0648
1816,0648
1817,0648
1818,0649
1819,0649
1820,0649
1821,0650
1822,0650
1823,0650
1824,0651
1825,0651
1826,0651
1827,0652
1828,0652
1829,0652
1830,0653
1831,0653
1832,0653
1833,0654
1834,0654
1835,0654
1836,0655
1837,0655
1838,0655
1839,0656
1840,0656
1841,0656
1842,0657
1843,0657
1844,0657
1845,0658
1846,0658
1847,0658
1848,0659
1849,0659
1850,0659
1851,0660
1852,0660
1853,0660
1854,0661
1855,0661
1856,0662
1857,0662
1858,0662
1859,0662
1860,0663
1861,0663
1862,0663
1863,0664
1864,0664
1865,0664
1866,0665
1867,0665
1868,0665
1869,0666
1870,0666
1871,0666
1872,0667
1873,0667
1874,0667
1875,0668
1876,0668
1877,0668
1878,0669
1879,0669
1880,0669
1881,0670
1882,0670
1883,0670
1884,0671
1885,0671
1886,0672
1887,0673
1888,0673
1889,0674
1890,0674
1891,0674
1892,0675
1893,0675
1894,0675
1895,0676
1896,0676
1897,0677
1898,0677
1899,0678
1900,0678
1901,0678
1902,0679
1903,0680
1904,0680
1905,0680
1906,0681
1907,0682
1908,0682
1909,0683
1910,0683
1911,0683
1,0685
2,0685
3,0686
4,0686
5,0687
6,0687
7,0687
8,0687
9,0688
10,0688
11,0689
12,0690
13,0690
14,0691
15,0691
16,0692
17,0693
18,0693
19,0693
20,0694
21,0695
22,0695
23,0696
24,0696
25,0696
26,0697
27,0697
28,0698
29,0699
30,0700
31,0700
32,0701
33,0702
34,0702
35,0702
36,0703
37,0703
38,0704
39,0704
40,0704
41,0704
42,0705
43,0705
44,0706
45,0706
46,0706
47,0707
48,0707
49,0707
50,0708
51,0709
52,0710
53,0711
54,0711
55,0712
56,0712
57,0712
58,0713
59,0713
60,0714
61,0714
62,0715
63,0715
64,0716
65,0716
66,0717
67,0717
68,0717
69,0718
70,0719
71,0719
72,0719
73,0720
74,0721
75,0721
76,0722
77,0722
78,0723
79,0723
80,0724
81,0724
82,0725
83,0725
84,0726
85,0726
86,0727
87,0728
88,0729
89,0729
90,0729
91,0729
92,0730
93,0731
94,0731
95,0732
96,0732
97,0732
98,0732
99,0733
100,0733
101,0733
102,0734
103,0734
104,0735
105,0735
106,0736
107,0736
108,0737
109,0737
110,0737
111,0738
112,0739
113,0739
114,0740
115,0740
116,0740
117,0741
118,0741
119,0742
120,0742
121,0742
122,0743
123,0743
124,0743
125,0744
126,0744
127,0745
128,0745
129,0746
130,0746
131,0746
132,0747
133,0747
134,0747
135,0754
136,0755
137,0755
138,0756
139,0756
140,0756
141,0759
142,0759
143,0759
144,0759
145,0760
146,0760
147,0760
148,0761
149,0761
150,0762
151,0762
152,0763
153,0764
154,0764
155,0764
156,0765
157,0765
158,0765
159,0767
160,0767
161,0767
162,0768
163,0769
164,0770
165,0770
166,0771
167,0771
168,0771
169,0772
170,0773
171,0773
172,0774
173,0774
174,0774
175,0774
176,0775
177,0775
178,0775
179,0776
180,0777
181,0778
182,0778
183,0778
184,0779
185,0779
186,0779
187,0780
188,0780
189,0781
190,0781
191,0781
192,0782
193,0782
194,0783
195,0783
196,0783
197,0783
198,0784
199,0784
200,0784
201,0785
202,0785
203,0785
204,0785
205,0785
206,0786
207,0786
208,0786
209,0787
210,0787
211,0788
212,0788
213,0788
214,0789
215,0789
216,0789
217,0790
218,0790
219,0791
220,0792
221,0792
222,0792
223,0793
224,0793
225,0794
226,0795
227,0795
228,0795
229,0795
230,0795
231,0796
232,0796
233,0797
234,0798
235,0799
236,0799
237,0799
238,0799
239,0799
240,0800
241,0800
242,0800
243,0801
244,0801
245,0801
246,0802
247,0802
248,0803
249,0804
250,0804
251,0804
252,0804
253,0805
254,0806
255,0806
256,0806
257,0807
258,0807
259,0807
260,0807
261,0808
262,0808
263,0809
264,0809
265,0809
266,0810
267,0810
268,0810
269,0811
270,0811
271,0812
272,0812
273,0813
274,0813
235,0814
276,0814
277,0814
278,0814
279,0816
280,0816
281,0816
282,0816
283,0816
284,0817
285,0817
286,0818
287,0818
288,0818
289,0818
290,0819
291,0819
292,0820
293,0820
294,0820
295,0821
296,0822
297,0822
298,0822
299,0822
300,0822
301,0823
302,0823
303,0823
304,0823
305,0824
306,0825
307,0825
308,0825
309,0825
310,0825
311,0826
312,0826
313,0826
314,0827
315,0827
316,0828
317,0828
318,0829
319,0829
320,0829
321,0829
322,0830
323,0831
324,0831
325,0831
326,0832
327,0832
328,0833
329,0833
330,0834
331,0834
332,0835
333,0835
334,0835
335,0835
336,0836
337,0837
338,0837
339,0837
340,0837
341,0837
342,0838
343,0839
344,0839
345,0840
346,0840
347,0840
348,0841
349,0841
350,0842
351,0842
352,0843
353,0844
354,0844
355,0845
356,0845
357,0845
358,0846
359,0846
360,0848
361,0849
362,0849
363,0849
364,0849
365,0850
366,0851
367,0852
368,0853
369,0853
370,0854
371,0854
372,0854
373,0855
374,0855
375,0856
376,0856
377,0856
378,0856
379,0857
380,0857
381,0857
382,0858
383,0858
384,0858
385,0859
386,0859
387,0859
388,0860
389,0860
390,0860
391,0861
392,0861
393,0861
394,0861
395,0862
396,0862
397,0862
398,0862
399,0863
400,0863
401,0863
402,0864
403,0864
404,0865
405,0865
406,0865
407,0866
408,0866
409,0866
410,0867
411,0867
412,0868
413,0868
414,0868
415,0868
416,0869
417,0869
418,0869
419,0870
420,0870
421,0870
422,0871
423,0871
424,0871
425,0871
426,0872
427,0872
428,0872
429,0872
430,0873
431,0873
432,0873
433,0874
434,0874
435,0875
436,0875
437,0875
438,0876
439,0876
440,0877
441,0877
442,0877
443,0877
444,0877
445,0878
446,0878
447,0878
448,0879
449,0879
450,0879
451,0880
452,0880
453,0880
454,0881
455,0881
456,0881
457,0885
458,0885
459,0885
460,0885
461,0885
462,0886
463,0886
464,0886
465,0886
466,0886
467,0887
468,0887
469,0887
470,0888
471,0888
472,0888
473,0888
474,0889
475,0889
476,0890
477,0890
478,0890
479,0890
480,0891
481,0891
482,0891
483,0891
484,0892
485,0892
486,0892
487,0893
488,0893
489,0893
490,0894
491,0894
492,0894
493,0895
494,0895
495,0896
496,0896
497,0896
498,0897
499,0897
500,0898
501,0898
502,0898
503,0898
504,0899
505,0899
506,0899
507,0900
508,0900
509,0900
510,0901
511,0901
512,0901
513,0902
514,0902
515,0902
516,0902
517,0903
518,0903
519,0904
520,0904
521,0905
522,0905
523,0906
524,0906
525,0906
526,0906
527,0907
528,0907
529,0907
530,0908
531,0908
532,0908
533,0909
534,0909
535,0910
536,0910
537,0910
538,0911
539,0911
540,0911
541,0912
542,0912
543,0912
544,0912
545,0912
546,0913
547,0913
548,0913
549,0914
550,0914
551,0915
552,0915
553,0915
554,0916
555,0916
556,0917
557,0917
558,0917
559,0918
560,0918
561,0918
562,0918
563,0918
564,0919
565,0919
566,0919
567,0920
568,0921
569,0921
570,0921
571,0922
572,0922
573,0922
574,0922
575,0923
576,0923
577,0923
578,0923
579,0924
580,0925
581,0925
582,0926
583,0926
584,0927
585,0927
586,0927
587,0928
588,0928
589,0929
590,0929
591,0929
592,0930
593,0930
594,0931
595,0931
596,0931
597,0932
598,0933
599,0933
600,0933
601,0934
602,0934
603,0934
604,0935
605,0935
606,0936
607,0937
608,0937
609,0937
610,0938
611,0938
612,0939
613,0939
614,0939
615,0939
616,0940
617,0940
618,0940
619,0941
620,0941
621,0942
622,0943
623,0943
624,0943
625,0944
626,0944
627,0944
628,0945
629,0945
630,0946
631,0946
632,0946
633,0947
634,0948
635,0948
636,0948
637,0949
638,0949
639,0950
640,0950
641,0951
642,0951
643,0951
644,0952
645,0952
646,0952
647,0953
648,0953
649,0953
650,0954
651,0955
652,0955
653,0955
654,0956
655,0957
656,0957
657,0958
658,0958
659,0959
660,0960
661,0960
662,0961
663,0962
664,0962
665,0963
666,0963
667,0964
668,0965
669,0965
670,0966
671,0966
672,0967
673,0967
674,0967
675,0968
676,0968
677,0969
678,0970
679,0971
680,0971
681,0972
682,0972
683,0972
684,0973
685,0973
686,0973
687,0973
688,0975
689,0975
690,0975
691,0976
692,0976
693,0977
694,0977
695,0977
696,0978
697,0978
698,0979
699,0979
700,0980
701,0980
702,0980
703,0980
704,0981
705,0981
706,0982
707,0982
708,0982
709,0983
710,0983
711,0983
712,0984
713,0984
714,0985
715,0985
716,0986
717,0986
718,0987
719,0987
720,0988
721,0988
722,0988
723,0989
724,0989
725,0990
726,0990
727,0991
728,0991
729,0992
730,0992
730,0992
732,0993
733,0993
734,0994
735,0995
736,0995
737,0996
738,0996
739,0996
740,0997
741,0997
742,0997
743,0998
744,0999
745,0999
746,0999
747,1000
748,1000
749,1001
750,1001
751,1001
752,1002
753,1003
754,1003
755,1003
756,1004
757,1005
758,1005
759,1006
760,1006
761,1006
762,1007
763,1008
764,1008
765,1008
766,1009
767,1010
768,1011
769,1011
770,1012
771,1012
772,1012
773,1013
774,1013
775,1014
776,1014
777,1014
778,1015
779,1015
780,1016
781,1017
782,1017
783,1017
784,1018
785,1019
786,1019
787,1019
788,1020
789,1021
790,1021
791,1021
792,1022
793,1023
794,1023
795,1024
796,1024
797,1025
798,1025
799,1025
800,1026
801,1026
802,1027
803,1028
804,1028
805,1029
806,1029
807,1029
808,1030
809,1030
810,1031
811,1032
812,1033
813,1034
814,1034
815,1034
816,1035
817,1035
818,1035
819,1036
820,1036
821,1037
822,1037
823,1037
824,1038
825,1038
826,1039
827,1040
828,1040
829,1041
830,1042
831,1042
832,1042
833,1043
838,1043
835,1043
836,1044
837,1044
838,1045
839,1045
840,1045
841,1046
842,1047
843,1047
844,1048
845,1048
846,1049
847,1049
848,1050
849,1050
850,1050
851,1051
852,1051
853,1051
854,1052
855,1053
856,1053
857,1053
858,1054
859,1054
860,1054
861,1055
862,1056
863,1056
864,1057
865,1057
866,1058
867,1058
868,1059
869,1059
870,1060
871,1060
872,1060
873,1061
874,1062
875,1062
876,1063
877,1063
878,1063
879,1064
880,1064
881,1065
882,1066
883,1066
884,1066
885,1067
886,1067
887,1068
888,1069
889,1070
890,1070
891,1070
892,1071
893,1071
894,1072
895,1072
896,1073
897,1073
898,1074
899,1074
900,1075
901,1075
902,1076
903,1077
904,1077
905,1077
906,1078
907,1078
908,1079
909,1079
910,1080
911,1080
912,1080
913,1081
914,1081
915,1082
916,1083
917,1083
918,1083
919,1084
920,1085
921,1085
922,1085
923,1086
924,1087
925,1087
926,1087
927,1088
928,1089
929,1089
930,1089
931,1090
932,1091
933,1092
934,1092
935,1092
936,1093
937,1093
938,1093
939,1093
940,1094
941,1094
942,1094
943,1095
944,1096
945,1096
946,1097
947,1097
948,1097
949,1098
950,1098
951,1099
952,1099
983,1099
954,1100
955,1101
956,1101
957,1101
958,1102
959,1103
960,1103
961,1103
962,1104
963,1104
1,1106
2,1106
1,1107
2,1107
3,1108
4,1108
5,1108
6,1109
7,1109
8,1109
9,1110
10,1110
11,1110
12,1111
13,1111
14,1112
15,1112
16,1113
17,1113
18,1113
19,1114
20,1114
21,1114
22,1115
23,1115
24,1115
25,1116
26,1116
27,1116
28,1117
29,1117
30,1118
31,1118
32,1118
33,1119
34,1120
35,1120
36,1120
37,1121
38,1121
39,1121
40,1122
41,1122
42,1123
43,1123
44,1123
45,1124
46,1124
47,1124
48,1125
49,1125
50,1126
51,1126
52,1127
53,1127
54,1127
55,1128
56,1129
57,1129
58,1129
59,1130
60,1130
61,1131
62,1131
63,1131
64,1131
65,1132
66,1132
67,1132
68,1133
69,1133
70,1134
71,1134
72,1134
73,1135
74,1135
75,1135
76,1136
77,1136
78,1137
79,1138
80,1138
81,1138
82,1139
83,1139
84,1139
85,1140
86,1140
87,1141
88,1141
89,1142
90,1142
91,1142
92,1143
93,1144
94,1144
95,1144
96,1145
97,1145
98,1146
99,1146
100,1147
101,1147
102,1147
103,1148
104,1148
105,1148
106,1149
107,1149
108,1150
109,1150
110,1150
111,1151
112,1151
113,1151
114,1152
115,1152
116,1152
117,1153
118,1153
119,1154
120,1154
121,1155
122,1155
123,1155
124,1156
125,1156
126,1156
127,1157
128,1157
129,1157
130,1158
131,1159
132,1159
133,1160
134,1160
135,1160
136,1161
137,1161
138,1162
139,1163
140,1163
141,1163
142,1163
143,1164
144,1164
145,1164
146,1165
147,1166
148,1166
149,1167
150,1167
151,1167
152,1168
153,1168
154,1169
155,1170
156,1170
157,1170
158,1171
159,1171
160,1171
161,1172
162,1172
163,1173
164,1173
165,1174
166,1174
167,1175
168,1176
169,1176
170,1177
171,1177
172,1177
173,1178
174,1178
175,1179
176,1180
177,1180
178,1181
179,1182
180,1182
181,1183
182,1184
183,1184
184,1185
185,1186
186,1186
187,1187
188,1188
189,1188
190,1189
191,1190
192,1190
193,1191
194,1192
195,1192
196,1193
197,1194
198,1194
199,1195
200,1196
201,1197
202,1198
203,1198
204,1199
205,1200
206,1200
207,1201
208,1202
207,1202
210,1203
211,1204
212,1204
213,1205
214,1206
215,1206
216,1207
217,1208
218,1208
219,1209
220,1210
1,1213
2,1214
3,1214
4,1214
5,1215
6,1215
7,1215
8,1216
9,1217
10,1217
11,1217
12,1218
13,1218
14,1218
15,1219
16,1219
17,1220
18,1220
19,1220
20,1221
21,1221
22,1221
23,1222
24,1222
25,1223
26,1223
27,1224
28,1224
29,1225
30,1225
31,1226
32,1226
31,1227
34,1227
35,1228
36,1228
37,1229
38,1229
39,1230
40,1231
41,1231
42,1232
43,1233
44,1233
45,1234
46,1234
47,1235
48,1235
49,1235
50,1236
51,1237
52,1237
53,1238
54,1238
55,1239
56,1239
57,1240
58,1240
59,1241
60,1241
61,1241
62,1242
63,1243
64,1243
65,1243
66,1244
67,1245
68,1245
69,1245
70,1246
71,1247
72,1247
73,1247
74,1248
75,1249
76,1249
77,1250
78,1250
79,1251
80,1252
81,1252
82,1253
83,1253
84,1253
85,1254
86,1254
57,1254
88,1255
89,1255
90,1255
91,1256
92,1256
93,1256
94,1257
95,1257
96,1258
97,1258
98,1259
99,1259
100,1260
101,1260
102,1261
103,1261
104,1262
105,1262
106,1263
107,1263
108,1264
109,1264
110,1264
111,1265
112,1266
113,1267
114,1268
115,1269
116,1269
117,1270
118,1271
119,1271
120,1272
121,1273
122,1273
123,1274
124,1274
125,1275
126,1275
127,1276
128,1276
129,1277
130,1277
131,1278
132,1279
133,1279
134,1280
135,1280
136,1280
137,1281
138,1281
139,1282
140,1282
141,1282
142,1282
143,1283
144,1283
145,1284
146,1285
147,1286
148,1287
149,1288
