1,0001
2,0001
3,0002
4,0002
5,0002
6,0003
7,0003
8,0003
9,0003
10,0004
11,0004
12,0005
13,0005
14,0005
15,0005
16,0006
17,0006
18,0006
19,0007
20,0007
21,0007
22,0008
23,0008
24,0008
25,0009
26,0009
27,0009
28,0010
29,0010
30,0010
31,0011
32,0011
33,0011
34,0012
35,0012
36,0012
37,0012
38,0013
39,0013
40,0013
41,0014
42,0014
43,0014
44,0015
45,0015
46,0015
47,0015
48,0016
49,0016
50,0016
51,0017
52,0017
53,0017
54,0018
55,0018
56,0018
57,0018
58,0019
59,0019
60,0019
61,0020
62,0020
63,0020
64,0021
65,0021
66,0021
67,0021
68,0022
69,0022
70,0022
71,0023
72,0023
73,0023
74,0023
75,0024
76,0024
77,0024
78,0025
79,0025
80,0025
81,0026
82,0026
83,0027
84,0027
85,0028
86,0028
87,0028
88,0028
89,0029
90,0029
91,0029
92,0030
93,0030
94,0030
95,0031
96,0031
97,0031
98,0032
99,0032
100,0032
101,0033
102,0033
103,0034
104,0034
105,0034
106,0034
107,0035
108,0035
109,0035
110,0035
111,0036
112,0036
113,0037
114,0037
115,0037
116,0038
117,0038
118,0038
119,0038
120,0039
121,0039
122,0040
123,0040
124,0040
125,0040
126,0041
127,0041
128,0041
129,0041
130,0042
131,0042
132,0043
133,0043
134,0043
135,0044
136,0044
137,0044
138,0044
139,0045
140,0045
141,0046
142,0046
143,0046
144,0046
145,0047
146,0047
147,0047
148,0048
149,0048
150,0048
2,0049
151,0050
152,0050
153,0050
154,0050
155,0051
156,0051
157,0051
158,0051
159,0052
160,0052
161,0052
162,0052
163,0052
164,0052
165,0053
166,0053
167,0053
168,0054
169,0054
170,0054
171,0055
172,0055
173,0056
174,0056
175,0056
176,0056
177,0057
178,0057
179,0057
180,0057
181,0057
182,0058
183,0058
184,0058
185,0058
186,0058
187,0058
188,0059
189,0059
190,0059
191,0060
192,0060
193,0060
194,0060
195,0061
196,0061
197,0061
198,0061
199,0061
200,0061
201,0062
202,0062
203,0062
204,0062
205,0063
206,0063
207,0063
208,0063
209,0063
210,0063
211,0064
212,0064
213,0064
214,0065
215,0065
216,0065
217,0065
218,0066
219,0066
220,0066
221,0067
222,0067
223,0067
224,0067
225,0067
226,0068
227,0068
228,0068
229,0068
230,0068
231,0069
232,0069
233,0069
234,0069
235,0070
236,0070
237,0070
238,0070
239,0071
240,0071
241,0071
242,0071
243,0071
244,0072
245,0072
246,0072
247,0072
248,0072
249,0073
250,0073
251,0073
252,0074
253,0074
254,0074
255,0074
256,0075
257,0075
258,0075
259,0075
260,0076
261,0076
262,0076
263,0076
264,0076
265,0077
266,0077
267,0077
268,0077
269,0077
270,0077
271,0078
272,0078
273,0079
274,0079
275,0079
276,0079
277,0079
278,0080
279,0080
280,0080
281,0080
282,0081
283,0081
284,0081
285,0081
286,0082
287,0082
288,0082
289,0082
290,0082
291,0083
292,0083
293,0084
294,0084
295,0084
296,0084
297,0085
298,0085
299,0085
300,0085
301,0085
302,0085
303,0086
304,0086
305,0086
306,0086
307,0087
308,0087
309,0087
310,0088
311,0088
312,0089
313,0089
314,0089
315,0089
316,0089
317,0090
318,0090
319,0090
320,0090
321,0091
322,0091
323,0091
324,0091
325,0091
326,0091
327,0092
328,0092
329,0092
330,0092
331,0092
332,0093
333,0093
334,0094
335,0094
336,0094
337,0094
338,0094
339,0094
340,0095
341,0095
342,0095
343,0095
344,0095
345,0095
346,0096
347,0096
348,0096
349,0096
350,0097
351,0097
352,0099
353,0099
354,0099
355,0099
356,0099
357,0099
358,0100
359,0100
360,0100
361,0100
362,0100
363,0101
364,0101
365,0101
366,0101
367,0101
368,0101
369,0102
370,0102
371,0102
372,0102
373,0102
374,0102
375,0102
376,0103
377,0103
378,0103
379,0104
380,0104
381,0104
382,0105
383,0105
384,0105
385,0105
386,0105
387,0105
388,0106
389,0106
390,0106
391,0106
392,0106
393,0106
394,0106
395,0107
396,0107
397,0107
398,0107
399,0107
400,0108
401,0108
402,0108
403,0108
404,0108
405,0109
406,0109
407,0109
408,0109
409,0109
410,0109
411,0109
412,0110
413,0110
414,0110
415,0111
416,0111
417,0111
418,0111
419,0111
420,0111
421,0111
422,0112
423,0112
424,0112
425,0112
426,0112
427,0112
428,0113
429,0113
430,0113
431,0113
432,0113
433,0114
434,0114
435,0114
436,0114
437,0114
438,0115
439,0115
440,0115
441,0115
442,0116
443,0116
444,0116
445,0116
446,0116
447,0116
448,0117
449,0117
450,0117
451,0117
452,0118
453,0118
454,0118
455,0118
456,0118
457,0118
458,0118
459,0119
460,0119
461,0119
462,0119
463,0119
464,0119
465,0120
466,0120
467,0120
468,0120
469,0120
470,0120
471,0121
472,0121
473,0121
474,0121
475,0122
476,0122
477,0122
478,0122
479,0122
480,0123
481,0123
482,0123
483,0123
484,0123
485,0123
486,0124
487,0124
488,0124
489,0124
490,0124
491,0124
492,0125
493,0125
494,0125
495,0125
496,0125
497,0126
498,0126
499,0126
500,0126
501,0126
502,0128
503,0128
504,0128
505,0128
506,0129
507,0129
508,0129
509,0129
510,0130
511,0130
512,0130
513,0130
514,0131
515,0131
516,0131
517,0131
518,0131
519,0131
520,0131
521,0132
522,0132
523,0132
524,0132
525,0132
526,0132
527,0133
528,0133
529,0133
530,0133
531,0133
532,0134
533,0134
534,0134
535,0134
536,0134
537,0134
538,0135
539,0135
540,0135
541,0135
542,0135
543,0136
544,0136
545,0136
546,0136
547,0136
548,0136
549,0136
550,0137
551,0137
552,0137
553,0137
554,0137
555,0137
556,0137
557,0138
558,0138
559,0138
560,0138
561,0138
562,0138
563,0138
564,0139
565,0139
566,0139
567,0139
568,0139
569,0139
570,0140
571,0140
572,0140
573,0140
574,0140
575,0140
576,0140
577,0141
578,0141
579,0141
580,0141
581,0141
582,0142
583,0142
584,0142
585,0142
586,0142
587,0143
588,0143
589,0143
590,0143
591,0143
592,0143
593,0143
594,0144
595,0144
596,0144
597,0144
598,0145
599,0145
600,0145
601,0145
602,0145
603,0145
604,0145
605,0145
606,0146
607,0146
608,0146
609,0146
610,0146
611,0146
612,0147
613,0147
614,0147
615,0147
616,0147
617,0148
618,0148
619,0148
620,0148
621,0148
622,0149
623,0149
624,0149
625,0149
626,0149
627,0150
628,0150
629,0150
630,0150
631,0150
632,0151
633,0151
634,0151
635,0151
636,0151
637,0151
638,0152
639,0152
640,0152
641,0152
642,0152
643,0153
644,0153
645,0153
646,0153
647,0153
648,0153
649,0154
650,0154
651,0154
652,0154
653,0154
654,0154
655,0154
656,0155
657,0155
658,0155
659,0155
660,0155
661,0156
662,0156
663,0156
664,0157
665,0157
666,0157
667,0157
668,0157
669,0158
670,0158
671,0158
672,0158
673,0158
674,0158
675,0158
676,0159
677,0159
678,0159
679,0159
680,0159
681,0159
682,0160
683,0160
684,0160
685,0160
686,0160
687,0160
688,0161
689,0161
690,0161
691,0161
692,0161
693,0161
694,0162
695,0162
696,0162
697,0162
698,0162
699,0162
700,0162
701,0163
702,0164
703,0164
704,0164
705,0164
706,0165
707,0165
708,0165
709,0165
710,0166
711,0166
712,0166
713,0166
714,0166
715,0166
716,0167
717,0167
718,0167
719,0167
720,0168
721,0168
722,0168
723,0168
724,0168
725,0169
726,0169
727,0169
728,0169
6,0169
729,0169
730,0170
731,0170
732,0170
733,0170
734,0171
735,0171
736,0171
737,0171
738,0171
739,0171
740,0172
741,0172
742,0172
743,0172
744,0172
745,0172
746,0172
747,0172
748,0173
749,0173
750,0173
751,0173
752,0173
753,0174
754,0174
755,0174
756,0174
757,0174
758,0175
759,0175
760,0175
761,0175
762,0175
763,0175
764,0175
765,0176
766,0176
767,0176
768,0176
769,0176
770,0176
771,0176
772,0177
773,0177
774,0177
775,0177
776,0177
777,0177
778,0177
779,0178
780,0178
781,0178
782,0178
783,0178
784,0178
785,0178
786,0178
787,0179
788,0179
789,0179
790,0179
791,0179
792,0180
793,0180
794,0180
795,0180
796,0180
797,0180
798,0181
799,0181
800,0181
801,0181
802,0181
803,0182
804,0182
805,0182
806,0182
807,0182
808,0182
809,0182
810,0183
811,0183
812,0183
813,0183
814,0183
815,0183
816,0184
817,0184
818,0184
819,0184
820,0184
821,0184
822,0185
823,0185
824,0185
825,0185
826,0185
827,0185
828,0185
829,0186
830,0186
831,0187
832,0187
833,0187
834,0187
835,0187
836,0187
837,0188
838,0188
839,0188
840,0188
841,0188
842,0189
843,0189
844,0189
845,0189
846,0190
847,0190
848,0190
849,0190
850,0190
851,0191
852,0191
853,0191
854,0191
855,0191
856,0191
857,0191
858,0191
859,0192
860,0192
861,0192
862,0192
863,0192
864,0192
865,0192
866,0192
867,0193
868,0193
869,0193
870,0193
871,0193
872,0193
873,0193
874,0194
875,0194
876,0194
877,0194
878,0194
879,0194
880,0194
881,0194
882,0195
883,0195
884,0195
885,0195
886,0196
887,0196
888,0196
889,0196
890,0196
891,0196
892,0196
893,0197
894,0197
895,0197
896,0197
897,0197
898,0198
899,0198
900,0198
901,0198
902,0198
903,0198
904,0198
905,0199
906,0199
907,0199
908,0199
909,0200
910,0200
911,0200
912,0200
913,0200
914,0200
915,0201
916,0201
917,0201
918,0201
6,0201
919,0201
920,0202
921,0202
922,0202
2,0202
923,0202
924,0203
925,0203
926,0203
927,0203
928,0203
929,0204
930,0204
931,0204
932,0204
933,0204
934,0204
935,0205
936,0205
937,0205
938,0205
939,0205
940,0206
941,0206
942,0206
943,0206
944,0207
945,0207
946,0207
947,0207
948,0207
949,0207
950,0207
951,0207
952,0208
953,0208
954,0208
955,0208
956,0208
957,0208
958,0208
959,0208
960,0209
961,0209
962,0209
963,0209
964,0209
965,0209
966,0209
967,0210
968,0210
969,0211
970,0211
971,0211
972,0211
973,0212
974,0212
975,0212
976,0212
977,0212
978,0212
979,0213
980,0213
981,0213
982,0213
983,0213
984,0213
985,0214
986,0214
987,0214
988,0214
989,0214
990,0214
991,0214
992,0215
993,0215
994,0215
995,0215
996,0215
997,0215
998,0215
999,0215
1000,0216
1001,0216
1002,0216
1003,0216
1004,0216
1005,0216
1006,0216
1007,0216
1008,0217
1009,0217
1010,0217
1011,0217
1012,0217
1013,0217
1014,0218
1015,0218
1016,0218
1017,0218
1018,0219
1019,0219
1020,0219
1021,0220
1022,0220
1023,0220
1024,0220
1025,0220
1026,0220
1027,0220
1028,0221
1029,0221
1030,0221
1031,0221
1032,0221
1033,0221
1034,0221
1035,0221
1036,0222
1037,0222
1038,0222
1039,0222
1040,0222
1041,0223
1042,0223
1043,0224
1044,0224
1045,0224
1046,0224
1047,0224
1048,0224
1049,0224
1050,0225
1051,0225
1052,0225
1053,0225
1054,0225
1055,0225
1056,0225
1057,0226
1058,0226
1059,0226
1060,0226
1061,0226
1062,0227
1063,0227
1064,0227
1065,0227
1066,0227
1067,0227
1068,0228
1069,0228
1070,0228
1071,0228
1072,0228
1073,0228
1074,0228
1075,0228
1076,0229
1077,0229
1078,0229
1079,0229
1080,0229
1081,0230
1082,0230
1083,0230
1084,0230
1085,0230
1086,0231
1087,0231
1088,0231
1089,0231
1090,0231
1091,0231
1092,0231
1093,0232
1094,0232
1095,0232
1096,0232
1097,0232
1098,0232
1099,0232
1100,0233
1101,0233
1102,0233
1103,0233
1104,0233
1105,0233
1106,0233
1107,0233
1108,0234
1109,0234
1110,0234
1111,0235
1112,0235
1113,0235
1114,0236
1115,0236
1116,0236
1117,0236
1118,0236
1119,0236
1120,0236
1121,0238
1122,0238
1123,0238
1124,0238
1125,0239
1126,0239
1127,0239
1128,0239
1129,0240
1130,0240
1131,0240
1132,0240
1133,0240
1134,0240
1135,0240
1136,0241
1137,0241
1138,0241
1139,0241
1140,0241
1141,0241
1142,0241
1143,0242
1144,0242
1145,0242
1146,0242
1147,0242
1148,0242
1149,0243
1150,0243
1151,0243
1152,0243
1153,0243
1154,0244
1155,0244
1156,0244
1157,0244
1158,0244
1159,0245
1160,0245
1161,0245
1162,0245
1163,0246
1164,0246
1165,0246
1166,0246
1167,0246
1168,0247
1169,0247
1170,0247
1171,0247
1172,0247
1173,0248
1174,0248
1175,0248
1176,0248
3,0248
1177,0248
1178,0248
1179,0248
1180,0248
1181,0249
1182,0249
1183,0249
1184,0249
1185,0249
1186,0249
1187,0250
1188,0250
1189,0250
1190,0250
1191,0250
1192,0250
1193,0250
1194,0251
1195,0251
1196,0251
1197,0251
1198,0251
1199,0251
1200,0251
1201,0251
1202,0252
1203,0252
1204,0252
1205,0252
1206,0252
1207,0253
1208,0253
1209,0253
1210,0253
1211,0253
1212,0253
1213,0253
1214,0254
1215,0254
1216,0254
1217,0254
1218,0254
1219,0254
1220,0254
1221,0254
1222,0255
1223,0255
1224,0255
1225,0255
1226,0255
1227,0256
1,0256
1228,0256
1229,0256
1230,0256
1231,0256
1232,0256
1233,0257
1234,0257
1235,0257
1236,0257
1237,0257
1238,0257
1239,0258
1240,0258
1241,0258
1242,0258
1243,0258
1244,0258
1245,0258
1246,0258
1247,0258
1248,0259
1249,0259
1250,0259
1251,0259
1252,0259
1253,0259
1254,0259
1255,0259
1256,0260
1257,0260
1258,0260
1259,0260
1260,0260
1261,0260
1262,0260
1263,0260
1264,0260
1265,0261
1266,0261
1267,0261
1268,0261
1269,0261
1270,0261
1271,0261
1272,0261
1273,0262
1274,0262
1275,0262
1276,0262
1277,0263
1278,0263
1279,0263
1280,0263
1281,0263
1282,0264
1283,0264
1284,0264
1285,0264
1286,0264
1287,0264
1288,0265
1289,0265
1290,0265
1291,0265
1292,0265
1293,0265
1294,0265
1295,0266
1296,0266
1297,0266
1298,0266
1299,0267
1300,0267
1301,0267
1302,0267
1303,0267
1304,0267
1305,0267
1306,0268
1307,0268
1308,0268
1309,0268
1310,0268
1311,0268
1312,0268
1313,0268
1314,0269
1315,0269
1316,0269
1317,0269
1318,0269
1319,0271
1320,0271
1321,0271
1322,0271
1323,0271
1324,0271
1325,0271
1326,0271
1327,0272
1328,0272
1329,0272
1330,0272
1331,0272
1332,0272
1333,0272
1,0273
1334,0273
1335,0273
1336,0273
1337,0273
1338,0273
1339,0273
1340,0273
1341,0273
1342,0274
1343,0274
1344,0274
1345,0274
1346,0275
1347,0275
1348,0275
1349,0275
1350,0275
1351,0276
1352,0276
1353,0276
1354,0276
1355,0277
1356,0277
1357,0277
1358,0277
1359,0278
1360,0278
1361,0278
1362,0278
1363,0278
1364,0279
1365,0279
1366,0279
1367,0279
1368,0279
1369,0280
1370,0280
1371,0280
1372,0280
1373,0280
1374,0280
1375,0280
1376,0280
1377,0280
1378,0281
1379,0281
1380,0281
1381,0281
1382,0282
1383,0282
1384,0282
1385,0282
1386,0283
1387,0283
1388,0283
1389,0284
1390,0284
1391,0284
1392,0284
1393,0284
1394,0285
1395,0285
1396,0285
1397,0285
1398,0285
1399,0285
1400,0285
1401,0286
1402,0286
1403,0286
1404,0286
1405,0286
1406,0287
1407,0287
1408,0287
1409,0287
1410,0288
1411,0288
1412,0288
1413,0288
1414,0288
1415,0289
1416,0289
1417,0289
1418,0289
1419,0289
1420,0290
1421,0290
1422,0290
1423,0290
1424,0290
1425,0290
1426,0291
1427,0291
1428,0291
1429,0291
1430,0291
1431,0291
1432,0291
1433,0292
1434,0292
1435,0292
1436,0292
1437,0292
1438,0293
1439,0293
1440,0293
1441,0293
1442,0293
1443,0293
1444,0294
1445,0294
1446,0294
1447,0294
1448,0294
1449,0294
1450,0294
1451,0294
4,0294
1452,0295
2,0295
1453,0295
1454,0295
1455,0295
1456,0295
1457,0295
1458,0296
1459,0296
1460,0296
1461,0296
1462,0296
1463,0296
1464,0296
1465,0297
1466,0297
1467,0297
1468,0297
1469,0297
1470,0297
1471,0298
1472,0298
1473,0298
1474,0298
1475,0298
1476,0299
1477,0299
1478,0299
1479,0299
1480,0300
1481,0300
1482,0300
1483,0300
1484,0300
1485,0301
1486,0301
1487,0301
1488,0301
1489,0301
1490,0301
1491,0301
1492,0302
1493,0303
1494,0303
1495,0303
1496,0303
1497,0303
1498,0303
1499,0303
1500,0304
1501,0304
1502,0304
1503,0304
1504,0304
1505,0305
1506,0305
1507,0305
1508,0305
1509,0305
1510,0306
1511,0306
1512,0306
1513,0306
1514,0307
1515,0307
1516,0307
1517,0307
1518,0308
1519,0308
1520,0308
1521,0308
1522,0308
1523,0309
1524,0309
1525,0309
1526,0310
1527,0310
1528,0310
1529,0310
1530,0310
1531,0311
1532,0311
1533,0311
1534,0311
1535,0312
1536,0312
1537,0312
1538,0312
1539,0312
1540,0312
1541,0313
1542,0314
1543,0314
1544,0314
1545,0314
1546,0314
1547,0315
1548,0315
1549,0315
1550,0315
1551,0315
1552,0315
1553,0315
1554,0315
1555,0316
1556,0316
1557,0316
1558,0316
1559,0316
1560,0316
1561,0316
1562,0316
1563,0316
1564,0317
1565,0317
1566,0317
1567,0317
1568,0317
1569,0317
1570,0317
1571,0317
1572,0317
1573,0318
1574,0318
1575,0318
1576,0318
1577,0318
1578,0318
1579,0318
1580,0318
1581,0319
1582,0319
1583,0319
1584,0319
1585,0319
1586,0319
1587,0319
1588,0319
1589,0320
1590,0320
1591,0320
1592,0320
1593,0320
1594,0320
1595,0320
1596,0320
1597,0320
1598,0320
1599,0321
1600,0321
1601,0322
1602,0322
1603,0322
1604,0322
1605,0322
1606,0323
1607,0323
1608,0323
1609,0323
1610,0323
1611,0323
1612,0324
1613,0324
1614,0324
1615,0324
1616,0324
1617,0324
1618,0324
1619,0325
1620,0325
1621,0325
1622,0325
1623,0325
1624,0325
1625,0325
1626,0325
1627,0326
1628,0326
1629,0326
1630,0326
1631,0327
1632,0327
1633,0327
1634,0327
1635,0328
1636,0328
1637,0328
1638,0328
1639,0328
1640,0328
1641,0329
1642,0329
1643,0329
1644,0329
1645,0329
1646,0329
1647,0329
1648,0329
1,0330
1649,0330
1650,0330
1651,0330
1652,0330
1653,0330
1654,0330
1655,0330
1656,0330
1657,0331
1658,0331
1659,0331
1660,0331
1661,0331
1662,0331
1663,0331
1664,0331
1665,0332
1666,0332
1667,0332
1668,0332
1669,0332
1670,0332
1671,0332
1672,0332
1673,0332
1674,0333
1675,0333
1676,0333
1677,0333
1678,0334
1679,0334
1680,0334
1681,0334
1682,0334
1683,0334
1684,0335
1685,0335
1686,0336
1687,0336
1688,0336
1689,0336
1690,0336
1691,0337
1692,0337
1693,0337
1694,0337
1695,0337
1696,0338
1697,0338
1698,0338
1699,0338
1700,0338
1701,0338
1702,0339
1703,0339
1704,0339
1705,0339
1706,0339
1707,0339
1708,0339
1709,0339
1710,0339
1711,0339
1712,0340
1713,0340
1714,0340
1715,0340
1716,0340
1717,0340
1718,0340
1719,0340
1720,0341
1721,0341
1722,0341
1723,0341
1724,0341
1725,0342
1726,0342
1727,0342
1728,0342
1729,0343
1730,0343
1731,0343
1732,0343
1733,0343
1734,0343
1735,0344
1736,0344
1737,0344
1738,0345
1739,0345
1740,0345
1741,0345
1742,0345
1743,0345
1744,0345
1745,0345
1746,0345
1747,0345
1748,0346
1749,0346
1750,0346
1751,0346
1752,0346
1753,0346
1754,0346
1755,0347
1756,0347
1757,0347
1758,0347
1759,0347
1760,0347
1761,0347
1762,0347
1763,0347
1764,0348
1765,0348
1766,0348
1767,0348
1768,0348
1769,0348
1770,0348
9,0348
1771,0349
1772,0349
1773,0349
1774,0349
1775,0349
1776,0349
1777,0350
1778,0350
1779,0350
1780,0350
1781,0350
1782,0350
1783,0350
1784,0351
1785,0351
1786,0351
1787,0351
1788,0351
1789,0351
1790,0352
1791,0352
1792,0352
1793,0352
6,0352
1794,0352
1795,0352
1796,0352
1797,0352
1798,0352
1799,0353
1800,0353
1801,0353
1802,0353
1803,0353
1804,0353
1805,0353
1806,0354
1807,0354
1808,0354
1809,0354
1810,0354
1811,0354
1812,0354
1813,0355
1814,0355
1815,0355
1816,0355
1817,0355
1818,0355
1819,0355
1820,0355
1821,0356
1822,0356
1823,0356
1824,0356
1825,0356
1826,0356
1827,0357
1828,0357
1829,0357
1830,0357
1831,0357
1832,0358
1833,0358
1834,0358
1835,0358
1836,0358
1837,0359
1838,0359
1839,0359
1840,0359
1841,0359
1842,0360
1843,0360
1844,0360
1845,0360
1846,0360
1847,0360
1848,0361
1849,0361
1850,0361
1851,0361
1852,0361
1853,0362
1854,0362
1855,0362
1856,0362
1857,0362
1858,0362
1859,0362
1860,0363
1861,0363
1862,0363
1863,0363
1864,0363
1865,0363
1866,0364
1867,0364
1868,0364
1869,0364
1870,0364
1871,0365
1872,0366
1873,0366
1874,0366
1875,0366
1876,0366
1877,0366
1878,0367
1879,0367
1880,0367
1881,0367
1882,0368
1883,0368
1884,0368
1885,0369
1886,0369
1887,0369
1888,0369
1889,0371
1890,0371
1891,0371
1892,0371
1893,0371
1894,0372
1895,0372
1896,0372
1897,0372
1898,0372
1899,0372
1900,0373
1901,0373
1902,0373
1903,0373
1904,0373
1905,0374
1906,0374
1907,0374
1908,0375
1909,0375
1910,0375
1911,0375
1912,0375
1913,0375
1914,0376
1915,0376
1916,0376
1917,0376
1918,0376
1919,0376
1920,0376
1921,0377
1922,0377
1923,0377
1924,0377
1925,0378
1926,0378
1927,0378
1928,0378
1929,0378
1930,0379
1931,0379
1932,0379
1933,0379
1934,0379
1935,0380
1936,0380
1937,0380
1938,0380
1939,0381
1940,0381
1941,0381
2,0381
1942,0382
1943,0382
1944,0382
1945,0383
1946,0383
1947,0383
1948,0383
1949,0383
1950,0384
1951,0384
1952,0385
1953,0385
1954,0385
1955,0386
1956,0386
1957,0386
1958,0387
1959,0387
1960,0387
1961,0388
1962,0388
1963,0388
1964,0389
1965,0389
1966,0389
1967,0389
1968,0389
1969,0390
1970,0390
1971,0390
1972,0391
1973,0391
1974,0391
1975,0391
1976,0392
1977,0392
1978,0392
1979,0392
1980,0392
1981,0392
1982,0393
1983,0393
1984,0393
1985,0393
1986,0394
1987,0394
1988,0394
1989,0394
1990,0394
1991,0396
1992,0396
1993,0396
1994,0397
1995,0397
1996,0398
1997,0398
1998,0398
1999,0399
2000,0399
2001,0400
2002,0400
2003,0400
2004,0400
2005,0401
2006,0401
2007,0401
2008,0401
2009,0402
2010,0402
2011,0402
2012,0402
2013,0403
2014,0403
2015,0403
2016,0403
2017,0404
2018,0404
2019,0404
2020,0404
2021,0405
2022,0405
2023,0405
2024,0405
2025,0406
2026,0406
2027,0406
2028,0406
2029,0406
2030,0407
2031,0407
2032,0407
2033,0409
2034,0409
2035,0409
2036,0409
2037,0409
2038,0410
2039,0410
2040,0410
2041,0410
2042,0411
2043,0411
2044,0411
2045,0411
2046,0411
2047,0412
2048,0412
2049,0412
2050,0412
2051,0412
2052,0413
2053,0413
2054,0413
2055,0414
2056,0414
2057,0414
2058,0414
2059,0415
2060,0415
2061,0415
2062,0415
2063,0416
2064,0417
2065,0418
2066,0419
2067,0419
2068,0419
2069,0420
2070,0420
2071,0420
2072,0420
2073,0421
2074,0421
2075,0421
2076,0421
2077,0421
2078,0421
2079,0422
2080,0422
2081,0422
2082,0422
2083,0422
2084,0423
2085,0423
2086,0423
2087,0424
2088,0424
2089,0424
2090,0424
2091,0425
2092,0425
2093,0425
2094,0426
2095,0426
2096,0426
2097,0427
2098,0427
2099,0427
2100,0427
2101,0428
2102,0428
2103,0428
2104,0429
2105,0429
2106,0429
2107,0429
2108,0430
2109,0430
2110,0430
2111,0430
2112,0430
2113,0430
2114,0430
2115,0430
2116,0430
2117,0431
2118,0431
2119,0431
2120,0431
2121,0431
2122,0431
2123,0431
2124,0432
2125,0432
2126,0432
2127,0432
2128,0432
2129,0433
2130,0433
2131,0433
2132,0433
2133,0433
2134,0433
2135,0433
2136,0433
2137,0434
2138,0434
2139,0434
2140,0434
2141,0434
2142,0435
2143,0435
2144,0435
2145,0435
2146,0435
2147,0436
2148,0436
2149,0436
2150,0436
2151,0437
2152,0437
2153,0438
2154,0438
2155,0438
2156,0439
2157,0439
2158,0439
2159,0441
2160,0442
2161,0442
2162,0442
2163,0442
2164,0443
2165,0443
2166,0443
2167,0444
2168,0444
2169,0444
1,0445
2170,0445
2171,0445
2172,0445
2173,0445
2174,0446
2175,0446
2176,0447
2177,0447
2178,0448
2179,0448
2180,0448
2181,0448
2182,0448
2183,0449
2184,0449
2185,0449
2186,0449
2187,0449
2188,0450
2189,0450
2190,0450
2191,0451
2192,0451
2193,0451
2194,0451
2195,0452
2196,0452
2197,0452
2198,0452
2199,0452
2200,0453
2201,0453
2202,0454
2203,0455
2204,0455
2205,0455
2206,0455
2207,0456
2208,0456
2209,0457
2210,0457
2211,0457
2212,0457
2213,0458
2214,0458
2215,0458
2216,0458
2217,0458
2218,0458
2219,0458
2220,0458
2221,0458
2222,0459
2223,0459
2224,0459
2225,0459
2226,0459
2227,0459
2228,0460
2229,0460
2230,0460
2231,0460
2232,0461
2233,0461
2234,0461
2235,0461
2236,0461
2237,0462
2238,0462
2239,0462
2240,0462
2241,0462
2242,0463
2243,0463
2244,0463
2245,0464
2246,0464
2247,0464
2248,0465
2249,0465
2250,0465
2251,0466
2252,0466
2253,0466
2254,0466
2255,0467
2256,0467
2257,0467
2258,0467
2259,0467
2260,0467
2261,0469
2262,0469
2263,0469
2264,0469
2265,0469
2266,0469
2267,0470
2268,0470
2269,0470
2270,0470
2271,0470
2272,0471
2273,0471
2274,0471
2275,0471
2276,0471
2277,0472
2278,0472
2279,0472
2280,0472
2281,0472
2282,0473
2283,0473
2284,0473
2285,0474
2286,0474
2287,0475
2288,0476
2289,0476
2290,0477
2291,0477
2292,0477
2293,0478
1,0483
2294,0483
2295,0483
2296,0484
2297,0484
2298,0484
2299,0484
2300,0485
2301,0485
2302,0485
2303,0485
2304,0486
2305,0486
2306,0486
2307,0486
2308,0486
2309,0487
2310,0487
2311,0487
2312,0487
2313,0488
2314,0488
2315,0488
2316,0488
2317,0488
2318,0489
2319,0489
2320,0489
2321,0489
2322,0490
2323,0490
2324,0490
2325,0490
2326,0491
2327,0491
2328,0491
2329,0491
2330,0491
2331,0491
2332,0491
2333,0492
2334,0492
2335,0492
2336,0493
2337,0493
2338,0493
2339,0493
2340,0494
2341,0495
2342,0495
2343,0496
2344,0496
2345,0496
2346,0496
2347,0497
2348,0497
2349,0497
2350,0497
2351,0498
2352,0499
2353,0499
2354,0499
2355,0499
2356,0499
2357,0499
2358,0500
2359,0500
2360,0500
2361,0500
2362,0500
2363,0500
2364,0501
2365,0501
2366,0502
2367,0502
2368,0503
2369,0503
2370,0503
2371,0504
2372,0508
2373,0508
2374,0508
2375,0509
2376,0509
2377,0509
2378,0509
2379,0510
2380,0510
2381,0510
2382,0510
2383,0511
2384,0511
2385,0511
2386,0511
2387,0512
2388,0513
2389,0514
2390,0514
2391,0515
2392,0515
2393,0516
2394,0516
2395,0516
2396,0517
2397,0517
2398,0517
2399,0517
2400,0518
2401,0518
2402,0518
2403,0518
2404,0519
2405,0519
2406,0519
2407,0519
2408,0520
2409,0521
2410,0521
2411,0522
2412,0522
2413,0522
2414,0522
2415,0522
2416,0523
2417,0524
2,0524
2418,0524
2419,0524
2420,0525
2421,0525
2422,0525
2423,0526
2424,0526
2425,0526
2426,0526
2427,0526
2428,0526
2429,0527
2430,0527
2431,0527
2432,0527
2433,0527
2434,0527
2435,0528
2436,0528
2437,0528
2438,0530
2439,0530
2440,0530
2441,0531
2442,0531
2443,0532
2444,0532
2445,0534
2446,0535
2447,0535
2448,0535
2449,0535
2450,0536
2451,0536
2452,0536
2453,0536
3,0536
2454,0537
2455,0537
2456,0537
2457,0537
2458,0538
2459,0538
2460,0538
2461,0538
2462,0538
2463,0539
2464,0539
2465,0540
2466,0540
2467,0541
2468,0541
2469,0541
2470,0542
2471,0542
2472,0543
2473,0543
2474,0543
2475,0543
2476,0543
2477,0544
2478,0544
2479,0544
2480,0545
2481,0545
2482,0545
2483,0545
2484,0545
2485,0546
2486,0547
2487,0547
2488,0547
2489,0548
2490,0548
2491,0549
2492,0549
2493,0549
2494,0549
2495,0549
2496,0550
2497,0550
2498,0550
2499,0553
2500,0553
2501,0555
2502,0555
2503,0555
2504,0555
2505,0556
2506,0556
2507,0557
2508,0557
2509,0558
2510,0558
2511,0558
2512,0559
2513,0559
2514,0559
2515,0559
2516,0559
2517,0560
2518,0560
2519,0560
2520,0560
2521,0561
2522,0561
2523,0561
2524,0561
2525,0562
2526,0562
2527,0562
2528,0562
2529,0563
2530,0563
2531,0563
2532,0563
2533,0564
2534,0564
2535,0564
2536,0564
2537,0564
2538,0565
2539,0565
2,0565
2540,0565
2541,0565
2542,0565
2543,0566
2544,0566
2545,0566
2546,0566
2547,0567
2548,0570
2549,0570
