173,0001
174,0004
175,0004
176,0005
177,0006
178,0011
179,0012
180,0017
181,0019
182,0026
183,0027
184,0029
185,0029
186,0029
187,0030
188,0030
189,0030
190,0031
191,0031
192,0031
193,0031
194,0032
195,0032
196,0032
197,0032
198,0033
199,0033
200,0033
201,0034
202,0034
203,0034
204,0035
205,0035
206,0035
207,0035
208,0036
209,0036
210,0036
211,0037
212,0037
213,0037
214,0038
215,0038
216,0038
217,0039
218,0039
219,0039
220,0040
221,0040
222,0040
223,0041
224,0041
225,0041
226,0042
227,0042
228,0042
229,0043
230,0043
231,0043
232,0044
233,0044
234,0044
235,0045
236,0045
237,0046
238,0046
239,0046
240,0049
241,0050
242,0053
243,0057
244,0070
245,0074
246,0080
247,0093
248,0097
249,0100
250,0103
251,0117
252,0121
253,0124
254,0127
255,0132
256,0133
257,0134
258,0135
259,0135
260,0135
261,0135
262,0135
263,0136
264,0136
265,0136
266,0136
267,0137
268,0137
269,0137
270,0137
271,0137
272,0138
273,0138
274,0138
275,0138
276,0138
277,0139
278,0139
279,0144
280,0144
281,0148
282,0152
283,0153
284,0155
285,0156
286,0156
287,0157
288,0158
289,0164
290,0165
291,0166
292,0167
293,0168
298,0179
295,0183
296,0183
297,0184
298,0186
299,0188
300,0189
301,0190
302,0191
303,0192
304,0195
305,0197
306,0199
307,0200
308,0200
309,0201
310,0201
311,0202
312,0204
313,0205
314,0206
315,0207
316,0207
317,0208
318,0208
319,0209
320,0210
321,0210
322,0211
323,0212
324,0215
325,0216
326,0217
327,0218
328,0219
329,0219
330,0220
331,0221
332,0223
333,0225
334,0233
335,0233
336,0236
337,0238
338,0238
339,0241
340,0242
341,0244
342,0247
343,0248
344,0249
345,0249
346,0250
347,0250
348,0250
349,0254
350,0255
351,0256
352,0256
353,0256
354,0266
355,0267
356,0268
357,0269
358,0286
359,0288
360,0288
361,0290
362,0290
363,0290
364,0290
365,0291
366,0291
367,0292
368,0296
269,0297
370,0298
371,0298
372,0299
373,0299
374,0303
375,0304
376,0305
377,0306
378,0307
379,0317
380,0318
381,0319
382,0320
383,0326
384,0327
385,0328
386,0329
387,0332
388,0334
389,0334
390,0334
391,0335
392,0338
393,0339
394,0339
395,0339
396,0340
397,0343
398,0344
399,0345
400,0345
401,0346
402,0351
803,0352
404,0352
405,0353
806,0356
407,0359
408,0362
409,0362
410,0362
411,0364
412,0365
414,0365
415,0366
416,0366
817,0366
418,0367
419,0367
820,0367
421,0367
422,0368
423,0368
42,0394
425,0394
426,0396
427,0397
428,0397
429,0401
430,0402
431,0404
432,0404
433,0405
34,0408
435,0409
436,0409
437,0409
838,0410
439,0410
440,0410
441,0410
442,0412
443,0413
444,0414
445,0415
446,0416
447,0417
448,0419
449,0419
450,0420
451,0423
452,0424
453,0425
458,0426
455,0427
456,0431
457,0432
458,0433
459,0434
460,0435
461,0437
462,0439
463,0440
464,0441
465,0441
466,0444
467,0445
468,0446
469,0446
470,0449
471,0450
472,0451
473,0452
474,0453
475,0457
476,0458
477,0459
478,0460
479,0460
480,0461
481,0462
482,0463
483,0464
484,0465
485,0466
486,0477
487,0480
488,0481
489,0482
490,0482
491,0483
492,0484
493,0484
494,0489
495,0491
496,0492
497,0493
498,0494
499,0498
500,0499
501,0500
502,0502
503,0502
504,0521
505,0523
506,0524
507,0525
508,0527
509,0528
510,0529
511,0529
512,0540
513,0541
514,0542
515,0542
516,0547
517,0548
518,0549
519,0550
520,0550
521,0551
522,0555
523,0556
524,0556
525,0557
526,0558
527,0579
528,0581
529,0582
530,0582
531,0584
532,0585
533,0586
534,0587
535,0589
536,0590
537,0591
538,0591
539,0593
540,0594
541,0595
542,0596
543,0597
544,0598
545,0599
546,0599
547,0600
548,0601
549,0603
550,0604
551,0604
552,0605
553,0606
554,0607
555,0609
556,0610
557,0612
558,0612
559,0613
560,0613
561,0614
562,0616
563,0617
564,0618
565,0619
566,0620
567,0622
568,0623
569,0623
570,0624
571,0625
572,0626
573,0627
574,0627
575,0630
576,0633
577,0633
578,0634
579,0637
580,0638
581,0638
582,0638
583,0638
584,0639
585,0639
586,0641
587,0642
588,0642
589,0643
590,0643
591,0643
592,0646
593,0647
594,0647
595,0647
596,0648
597,0648
598,0650
599,0651
600,0651
601,0651
602,0652
603,0652
604,0653
605,0654
606,0655
607,0655
608,0656
609,0656
610,0659
610,0661
612,0661
623,0662
614,0663
615,0664
606,0664
617,0665
618,0666
619,0667
620,0668
621,0669
622,0669
623,0672
624,0673
625,0674
626,0675
627,0676
628,0677
629,0678
630,0679
631,0681
632,0682
633,0682
634,0683
635,0685
636,0686
637,0686
638,0687
639,0689
640,0690
641,0690
642,0691
643,0691
644,0693
435,0694
646,0695
647,0696
648,0698
649,0699
650,0699
651,0701
652,0701
653,0702
658,0706
655,0707
656,0708
657,0709
658,0710
659,0711
660,0712
661,0713
662,0714
663,0718
664,0718
665,0719
666,0720
667,0720
668,0720
669,0724
670,0725
671,0726
672,0727
673,0729
674,0732
675,0734
676,0734
677,0735
678,0736
679,0736
680,0739
681,0740
682,0741
683,0742
684,0742
685,0744
686,0746
687,0746
688,0747
689,0757
690,0758
691,0759
692,0760
693,0760
694,0761
695,0763
696,0764
697,0764
698,0765
699,0767
700,0768
701,0768
702,0769
703,0771
704,0772
705,0772
706,0773
707,0774
708,0775
709,0776
710,0776
711,0778
712,0779
813,0780
718,0781
715,0783
716,0784
717,0785
718,0785
719,0787
720,0788
721,0789
722,0789
723,0791
724,0792
725,0793
726,0794
727,0795
728,0796
729,0797
730,0798
731,0800
732,0801
733,0803
734,0806
735,0806
736,0807
737,0808
738,0810
739,0811
740,0812
741,0814
742,0815
743,0815
744,0819
745,0820
746,0821
747,0822
748,0823
749,0824
750,0825
751,0827
752,0828
753,0829
754,0829
755,0831
756,0832
757,0832
758,0833
759,0834
760,0835
761,0836
762,0836
763,0837
764,0838
765,0839
766,0839
767,0840
768,0842
769,0843
770,0843
771,0844
772,0846
773,0847
774,0847
775,0848
776,0849
777,0850
778,0850
779,0851
780,0851
781,0853
782,0855
783,0857
784,0860
785,0861
786,0862
787,0863
788,0864
789,0866
790,0867
791,0868
792,0869
793,0870
794,0872
795,0873
796,0874
797,0876
798,0877
799,0877
800,0881
801,0882
802,0883
803,0884
804,0884
805,0885
806,0886
807,0886
808,0887
809,0888
810,0889
811,0889
812,0890
813,0891
814,0891
815,0892
816,0893
817,0894
818,0894
819,0895
820,0897
821,0897
822,0898
823,0899
824,0899
825,0900
826,0901
827,0901
828,0902
829,0903
830,0904
831,0904
832,0905
833,0906
834,0906
835,0907
836,0908
837,0909
838,0911
839,0911
840,0912
841,0913
842,0913
843,0914
844,0915
845,0915
846,0916
847,0917
848,0917
849,0918
850,0918
851,0920
852,0921
853,0922
854,0922
855,0923
856,0925
857,0926
858,0927
859,0929
860,0929
861,0930
862,0932
863,0932
864,0933
865,0934
866,0934
867,0935
868,0936
869,0936
870,0937
871,0938
872,0939
873,0940
874,0941
875,0942
876,0943
877,0943
878,0944
879,0945
880,0948
881,0948
