275,0001
276,0002
277,0002
278,0012
279,0012
280,0012
281,0012
282,0012
283,0012
284,0013
285,0013
286,0013
287,0013
288,0014
289,0014
290,0014
291,0014
292,0014
293,0015
294,0015
295,0015
296,0015
297,0016
298,0016
299,0016
300,0016
301,0017
302,0017
303,0017
304,0017
305,0017
306,0018
307,0018
308,0018
309,0018
310,0018
311,0024
312,0025
313,0025
314,0025
315,0026
316,0026
317,0027
318,0027
319,0028
320,0028
321,0028
322,0029
323,0029
324,0030
325,0030
326,0030
327,0032
328,0032
329,0032
330,0033
331,0033
332,0034
333,0034
334,0034
335,0035
336,0035
337,0035
338,0049
339,0049
340,0049
341,0049
342,0050
343,0050
344,0050
345,0050
346,0050
347,0050
348,0051
349,0051
350,0051
351,0051
352,0051
353,0052
354,0052
355,0052
356,0052
357,0052
358,0053
359,0053
360,0053
361,0053
362,0053
363,0053
364,0054
365,0054
366,0054
367,0055
368,0055
369,0055
370,0055
371,0055
372,0055
373,0056
374,0056
375,0056
376,0056
377,0056
378,0056
379,0057
380,0057
381,0057
382,0057
383,0058
384,0058
385,0058
386,0058
387,0058
388,0059
389,0059
390,0059
391,0059
392,0059
393,0059
394,0060
395,0060
396,0060
397,0060
398,0060
399,0061
400,0061
401,0061
402,0061
403,0062
404,0062
405,0062
406,0062
407,0062
408,0062
409,0062
410,0063
411,0063
412,0063
413,0063
414,0063
415,0070
416,0071
417,0107
418,0108
419,0109
420,0109
421,0110
422,0112
423,0112
424,0113
425,0113
426,0114
427,0115
428,0115
429,0116
430,0116
431,0117
432,0117
433,0118
434,0118
435,0119
436,0119
437,0120
438,0120
439,0121
440,0121
441,0122
442,0122
443,0123
444,0123
445,0124
446,0125
447,0126
448,0126
449,0127
450,0127
451,0128
452,0128
453,0129
454,0129
455,0130
456,0130
457,0131
458,0131
459,0132
460,0133
461,0133
462,0134
463,0134
464,0135
465,0135
466,0136
467,0136
468,0137
469,0137
470,0139
471,0139
472,0145
473,0146
474,0146
475,0147
476,0147
477,0147
478,0147
479,0148
480,0148
481,0148
482,0150
483,0150
484,0151
485,0151
486,0151
487,0152
488,0152
489,0152
490,0153
491,0153
492,0153
493,0154
494,0159
495,0159
496,0160
497,0160
498,0160
499,0161
500,0161
501,0163
502,0163
503,0163
504,0164
505,0167
506,0172
507,0175
508,0175
509,0175
510,0176
511,0176
512,0176
513,0177
514,0191
515,0192
516,0192
517,0194
518,0196
519,0197
520,0199
521,0200
522,0202
523,0204
524,0206
525,0207
526,0208
527,0208
528,0208
529,0208
530,0208
531,0209
532,0209
533,0209
534,0209
535,0209
536,0209
537,0209
538,0210
539,0262
540,0262
541,0263
542,0263
543,0264
544,0264
545,0264
546,0265
547,0265
548,0265
549,0265
550,0266
551,0266
552,0266
553,0266
554,0267
555,0267
556,0267
557,0267
558,0268
559,0268
560,0268
561,0268
562,0269
563,0269
564,0269
565,0270
566,0270
567,0270
568,0270
569,0270
570,0271
571,0271
572,0271
573,0272
574,0272
575,0272
576,0273
577,0273
578,0273
579,0274
580,0274
581,0274
582,0275
583,0275
584,0275
585,0275
586,0276
587,0276
588,0276
689,0277
590,0277
591,0278
592,0278
593,0279
594,0279
595,0279
596,0280
597,0280
598,0281
599,0281
600,0281
601,0282
602,0282
603,0283
604,0283
605,0284
606,0284
607,0284
608,0285
609,0285
610,0286
611,0286
612,0287
613,0287
614,0288
615,0288
616,0288
617,0289
618,0289
619,0290
620,0290
621,0290
622,0291
623,0291
624,0292
625,0292
626,0293
627,0293
628,0294
629,0294
630,0295
631,0295
632,0295
633,0296
634,0307
635,0307
636,0308
637,0308
638,0309
639,0309
640,0310
641,0311
642,0311
643,0312
644,0313
645,0314
646,0315
647,0315
648,0316
649,0317
650,0317
651,0318
652,0318
653,0319
654,0319
655,0320
656,0320
657,0321
658,0322
659,0322
660,0323
661,0324
662,0325
663,0336
664,0336
665,0337
666,0338
667,0338
668,0339
669,0339
670,0340
671,0340
672,0341
673,0341
674,0342
675,0342
676,0344
677,0344
678,0345
679,0345
681,0346
682,0347
683,0348
684,0348
685,0349
686,0350
687,0350
688,0351
689,0383
690,0383
691,0384
692,0386
693,0387
694,0387
695,0388
696,0389
697,0389
698,0389
699,0390
700,0390
701,0391
702,0391
703,0391
704,0391
705,0392
706,0392
707,0392
708,0409
709,0409
710,0409
711,0410
712,0410
713,0411
714,0411
715,0411
716,0412
717,0412
718,0413
719,0417
720,0417
721,0418
722,0418
723,0419
724,0419
725,0420
726,0420
727,0420
728,0420
729,0420
730,0421
731,0421
732,0422
733,0422
734,0422
735,0424
736,0433
737,0433
738,0434
739,0435
740,0435
741,0436
742,0436
743,0437
744,0437
745,0437
746,0438
747,0439
748,0440
749,0440
750,0440
751,0441
752,0441
753,0442
754,0442
755,0443
756,0443
757,0443
758,0444
759,0444
760,0446
761,0446
762,0447
763,0447
764,0448
765,0448
766,0449
767,0449
768,0449
769,0450
770,0450
771,0450
772,0451
773,0451
774,0451
775,0452
776,0452
777,0452
778,0453
779,0453
780,0467
781,0467
782,0467
783,0468
784,0468
785,0469
786,0469
787,0469
788,0469
789,0470
790,0470
791,0474
792,0474
793,0475
794,0476
795,0476
796,0477
797,0477
798,0478
799,0478
800,0478
801,0478
802,0478
803,0479
804,0479
805,0479
806,0480
807,0480
808,0480
809,0484
810,0486
811,0486
812,0486
813,0487
814,0487
815,0487
816,0488
817,0488
818,0488
819,0488
820,0489
821,0489
822,0490
823,0490
824,0491
825,0491
826,0492
827,0492
828,0492
829,0493
830,0493
831,0494
832,0494
833,0494
834,0495
835,0495
836,0498
837,0498
838,0498
839,0498
840,0499
841,0499
842,0499
843,0499
844,0500
845,0500
846,0500
847,0500
848,0501
849,0501
850,0501
851,0502
852,0502
853,0502
854,0503
855,0503
856,0504
857,0504
858,0505
859,0505
860,0505
861,0506
862,0506
863,0507
864,0508
865,0509
866,0509
867,0509
868,0509
869,0510
870,0510
871,0510
872,0511
873,0511
874,0512
875,0512
876,0512
877,0513
878,0549
879,0549
880,0550
881,0550
882,0551
883,0551
884,0552
885,0553
886,0554
887,0555
888,0555
889,0556
890,0556
891,0557
892,0558
893,0558
894,0559
895,0559
896,0560
897,0561
898,0561
899,0561
900,0589
901,0590
902,0590
903,0591
904,0591
905,0592
906,0592
907,0593
908,0593
909,0593
910,0594
911,0594
912,0594
913,0594
914,0595
915,0595
916,0596
917,0596
918,0596
919,0597
920,0598
921,0598
922,0599
923,0599
924,0599
925,0600
926,0601
927,0601
928,0602
929,0602
930,0602
931,0603
932,0604
933,0604
934,0605
935,0605
936,0605
937,0606
938,0606
939,0607
940,0607
941,0607
942,0608
943,0608
944,0609
945,0609
946,0609
947,0609
948,0610
949,0610
950,0610
951,0611
952,0611
953,0611
954,0611
955,0612
956,0612
957,0613
958,0613
959,0613
960,0614
961,0614
962,0615
963,0616
964,0616
965,0616
966,0617
967,0617
968,0617
969,0618
970,0618
971,0619
972,0619
973,0620
974,0620
975,0621
976,0621
977,0622
978,0623
979,0623
980,0624
981,0624
982,0624
983,0625
984,0625
985,0625
986,0626
987,0626
