1,0001
2,0002
3,0005
4,0009
5,0010
6,0011
7,0012
8,0015
9,0017
10,0019
11,0020
12,0022
13,0023
14,0025
15,0025
16,0028
17,0031
18,0032
19,0033
20,0035
21,0038
22,0039
23,0040
24,0041
25,0042
26,0042
27,0042
28,0043
29,0043
30,0043
31,0048
32,0050
33,0051
34,0051
35,0052
36,0052
37,0052
38,0052
39,0053
40,0053
41,0056
42,0058
43,0059
44,0061
45,0061
46,0061
47,0062
48,0062
49,0062
50,0063
51,0063
52,0063
53,0063
54,0063
55,0064
56,0064
57,0065
58,0065
59,0065
60,0066
61,0066
62,0066
63,0067
64,0068
65,0069
66,0069
67,0069
68,0070
69,0070
70,0071
71,0072
72,0072
73,0073
74,0073
75,0074
76,0074
77,0075
78,0075
79,0076
80,0078
81,0079
82,0080
83,0081
84,0083
85,0085
86,0085
87,0085
88,0086
89,0086
90,0087
91,0087
92,0088
93,0088
94,0089
95,0089
96,0089
97,0090
98,0090
99,0091
100,0092
101,0092
102,0093
103,0093
104,0094
105,0094
106,0095
107,0095
108,0095
109,0096
110,0096
111,0097
112,0097
113,0097
114,0097
115,0098
116,0098
117,0098
118,0098
119,0098
120,0099
121,0099
122,0101
123,0101
124,0102
125,0103
126,0103
127,0104
128,0105
129,0105
130,0106
131,0106
132,0107
133,0108
134,0108
135,0109
136,0109
137,0109
138,0110
139,0110
140,0111
141,0111
142,0111
143,0111
144,0112
145,0112
146,0112
147,0113
148,0113
149,0114
150,0114
151,0115
152,0116
153,0117
154,0117
155,0118
156,0118
157,0118
158,0119
159,0119
160,0119
161,0120
162,0120
163,0120
164,0121
165,0121
166,0121
167,0122
168,0122
169,0122
170,0123
171,0123
172,0124
173,0125
174,0126
175,0126
176,0128
177,0130
178,0131
179,0133
180,0134
181,0137
182,0137
183,0137
184,0137
185,0138
186,0138
187,0139
188,0139
189,0139
190,0140
191,0140
192,0140
193,0141
194,0141
195,0142
196,0142
197,0143
198,0143
199,0144
200,0144
201,0146
202,0146
203,0147
204,0147
205,0148
206,0148
207,0148
208,0149
209,0150
210,0150
211,0151
212,0153
213,0154
214,0154
215,0158
216,0160
217,0160
218,0160
219,0160
220,0161
221,0161
222,0162
223,0162
224,0163
225,0163
226,0164
227,0165
228,0167
229,0168
230,0169
231,0171
232,0171
233,0173
234,0173
235,0174
236,0174
237,0175
238,0176
239,0177
240,0178
241,0179
242,0180
243,0181
244,0181
245,0182
246,0182
247,0182
248,0182
249,0182
250,0183
251,0183
252,0183
253,0183
254,0183
255,0184
256,0184
257,0185
258,0185
259,0185
260,0185
261,0186
262,0186
263,0186
264,0186
265,0187
266,0187
267,0188
268,0189
269,0190
270,0190
271,0192
272,0193
273,0194
274,0194
275,0195
276,0195
277,0196
278,0196
279,0197
280,0200
281,0200
282,0201
283,0202
284,0202
285,0203
286,0203
287,0204
288,0204
289,0204
290,0205
291,0207
292,0208
293,0209
294,0209
295,0210
296,0217
297,0218
298,0219
299,0219
300,0220
301,0221
302,0224
303,0224
304,0225
305,0225
306,0226
307,0227
308,0227
309,0228
310,0228
311,0228
312,0228
313,0229
314,0229
315,0229
316,0229
317,0230
318,0230
319,0231
320,0231
321,0231
322,0231
323,0234
324,0234
325,0234
326,0235
327,0235
328,0236
329,0237
330,0237
331,0238
332,0238
333,0239
334,0239
335,0239
336,0239
337,0240
338,0240
339,0240
340,0240
343,0241
344,0241
345,0241
346,0242
347,0242
348,0242
349,0242
350,0242
351,0243
352,0243
353,0244
354,0244
355,0244
356,0245
357,0245
358,0245
359,0246
360,0246
361,0246
362,0246
363,0247
364,0247
365,0247
366,0247
367,0248
368,0248
369,0248
370,0248
371,0249
372,0249
373,0249
374,0249
375,0250
376,0250
377,0251
378,0253
379,0254
380,0254
381,0254
382,0254
383,0257
384,0259
385,0262
386,0264
387,0268
388,0268
389,0269
390,0269
391,0269
392,0270
393,0270
394,0270
395,0271
396,0271
397,0271
398,0271
399,0273
400,0274
401,0275
402,0275
403,0276
404,0277
405,0278
406,0280
407,0280
408,0282
409,0282
410,0282
411,0283
412,0283
413,0283
414,0284
415,0284
416,0286
417,0289
418,0289
419,0290
420,0293
421,0293
422,0293
423,0295
424,0296
425,0297
426,0299
427,0300
428,0300
429,0302
430,0303
431,0303
432,0303
433,0304
434,0304
435,0304
436,0305
437,0306
438,0306
439,0307
440,0307
441,0308
442,0308
443,0308
444,0309
445,0309
446,0310
447,0310
448,0310
449,0311
450,0312
451,0312
452,0312
453,0313
454,0313
455,0313
456,0314
457,0314
458,0314
459,0314
460,0315
461,0316
462,0316
463,0316
464,0316
465,0317
466,0317
467,0318
468,0318
469,0318
470,0319
471,0319
472,0320
473,0320
474,0321
475,0321
476,0321
477,0322
478,0322
479,0322
480,0323
481,0323
482,0323
483,0323
484,0324
485,0324
486,0325
487,0325
488,0325
489,0326
490,0327
491,0327
492,0327
493,0327
494,0328
495,0328
496,0329
497,0329
498,0330
499,0332
500,0335
501,0336
502,0337
503,0338
504,0338
505,0339
506,0340
507,0341
508,0341
509,0341
510,0341
511,0342
512,0343
513,0343
514,0344
515,0344
516,0345
517,0347
518,0349
519,0351
520,0353
521,0356
522,0356
523,0357
524,0358
525,0358
526,0359
527,0360
528,0361
529,0361
530,0361
531,0361
532,0362
533,0362
534,0363
535,0363
536,0364
537,0365
538,0365
539,0366
540,0367
541,0367
542,0368
543,0369
544,0371
545,0371
546,0374
547,0375
548,0376
549,0377
550,0377
551,0377
552,0377
553,0378
554,0379
555,0380
556,0381
557,0381
558,0382
559,0382
560,0383
561,0383
562,0384
563,0384
564,0385
565,0385
566,0386
567,0388
568,0388
569,0388
570,0389
571,0390
572,0390
573,0390
574,0391
575,0391
576,0391
577,0391
578,0392
579,0392
580,0392
581,0392
582,0393
583,0393
584,0393
585,0393
586,0393
587,0394
588,0394
589,0395
590,0396
591,0397
592,0398
593,0399
594,0400
595,0401
596,0402
597,0402
598,0403
599,0404
600,0404
601,0404
602,0405
603,0406
604,0407
605,0407
606,0408
607,0409
608,0409
609,0410
610,0411
611,0412
612,0413
613,0414
614,0414
615,0414
616,0415
617,0416
618,0418
619,0419
620,0422
621,0422
622,0424
623,0424
624,0426
625,0426
626,0426
627,0427
628,0428
629,0428
630,0429
631,0429
632,0429
633,0431
634,0431
635,0433
636,0434
637,0434
638,0434
639,0435
640,0435
641,0436
642,0436
643,0436
644,0437
645,0437
646,0438
647,0439
648,0440
649,0440
650,0440
651,0441
652,0441
653,0441
654,0442
655,0442
656,0442
657,0443
658,0443
659,0444
