275,0409
276,0410
278,0414
279,0415
280,0417
281,0419
283,0421
284,0423
285,0424
286,0425
287,0427
288,0428
289,0429
290,0431
291,0432
292,0434
293,0435
294,0437
295,0439
296,0440
297,0441
298,0442
299,0444
300,0445
301,0447
302,0448
304,0450
305,0452
306,0453
308,0456
309,0457
310,0458
311,0460
312,0461
313,0462
314,0463
315,0465
316,0466
317,0467
318,0469
319,0470
320,0472
321,0473
322,0475
323,0476
324,0478
325,0479
326,0481
327,0482
328,0484
329,0485
330,0487
331,0489
332,0490
333,0491
335,0493
337,0497
338,0498
339,0500
340,0501
341,0502
342,0504
434,0505
344,0507
345,0508
346,0510
347,0512
348,0513
349,0515
350,0516
351,0517
342,0519
353,0521
354,0522
355,0524
356,0526
357,0527
358,0529
359,0530
360,0532
361,0534
62,0535
363,0536
365,0539
366,0540
367,0542
368,0543
369,0544
370,0546
371,0547
372,0549
373,0550
374,0552
375,0553
376,0554
377,0556
378,0557
379,0558
380,0560
381,0561
382,0563
383,0564
384,0565
385,0567
386,0568
387,0569
388,0571
389,0572
390,0573
391,0575
392,0576
393,0578
394,0579
395,0581
397,0584
398,0585
399,0587
400,0588
401,0589
402,0591
403,0592
404,0594
405,0595
406,0597
407,0598
410,0602
411,0604
412,0605
413,0606
414,0608
415,0609
416,0610
418,0613
419,0615
420,0616
421,0617
422,0619
423,0621
425,0624
426,0625
427,0626
428,0627
429,0629
430,0631
433,0635
434,0637
453,0639
463,0640
437,0641
439,0644
440,0646
441,0647
442,0648
444,0651
445,0653
446,0655
448,0658
449,0659
450,0661
451,0663
452,0665
453,0666
454,0668
455,0671
456,0672
457,0674
458,0675
460,0678
