1,0001
2,0002
3,0002
4,0002
5,0002
6,0002
7,0003
8,0003
9,0003
10,0003
11,0003
12,0003
13,0004
14,0004
15,0004
16,0004
17,0005
18,0005
19,0005
20,0005
21,0005
22,0006
23,0006
24,0006
25,0006
26,0006
27,0007
28,0007
29,0007
30,0007
31,0007
32,0008
33,0008
34,0008
35,0008
36,0009
37,0009
38,0009
39,0009
40,0009
41,0009
42,0010
43,0010
44,0010
45,0010
46,0010
47,0011
48,0011
49,0011
50,0011
51,0011
52,0012
53,0012
54,0012
55,0012
56,0013
57,0013
58,0013
59,0013
60,0013
61,0013
62,0013
63,0014
64,0014
65,0014
66,0014
67,0014
68,0014
69,0015
70,0015
71,0015
72,0015
73,0015
74,0016
75,0016
76,0016
77,0016
78,0016
79,0016
80,0017
81,0017
82,0017
83,0017
84,0017
85,0017
86,0018
87,0018
88,0018
89,0018
90,0018
91,0019
92,0019
93,0019
94,0019
95,0019
96,0020
97,0020
98,0020
99,0020
100,0020
101,0020
102,0021
103,0021
104,0021
105,0021
106,0021
107,0022
108,0022
109,0022
110,0022
111,0022
112,0023
113,0023
114,0023
115,0023
116,0023
117,0023
118,0024
119,0024
120,0024
121,0024
122,0024
123,0024
124,0025
125,0025
126,0025
127,0025
128,0025
129,0026
130,0026
131,0026
132,0026
133,0026
134,0026
135,0027
136,0027
137,0027
138,0027
139,0027
140,0028
141,0028
142,0028
143,0028
144,0028
145,0029
146,0029
147,0029
148,0029
149,0029
150,0029
151,0030
152,0030
153,0030
154,0030
155,0030
156,0031
157,0031
158,0031
159,0031
160,0031
161,0032
162,0032
163,0032
164,0032
165,0032
166,0033
167,0033
168,0033
169,0034
170,0034
171,0034
172,0034
173,0034
174,0035
175,0035
176,0035
177,0036
178,0036
179,0037
180,0037
181,0037
182,0038
183,0038
184,0038
185,0039
186,0039
187,0039
188,0040
189,0041
190,0042
191,0042
192,0042
193,0042
194,0043
195,0043
196,0043
197,0044
198,0044
199,0044
200,0044
201,0044
202,0045
203,0045
204,0045
205,0046
206,0046
207,0047
208,0048
209,0048
210,0048
211,0048
212,0049
213,0049
214,0049
215,0049
216,0050
217,0050
218,0050
219,0051
220,0051
221,0051
222,0051
223,0052
224,0053
225,0053
226,0054
227,0054
228,0054
229,0054
230,0054
231,0054
232,0055
233,0055
234,0055
235,0055
236,0056
237,0056
238,0056
239,0056
240,0057
241,0057
242,0057
243,0057
244,0057
245,0058
246,0058
247,0058
248,0058
249,0059
250,0059
251,0059
252,0059
253,0059
254,0060
255,0060
256,0060
257,0060
258,0060
259,0061
260,0061
261,0061
262,0061
263,0061
264,0061
265,0062
266,0062
267,0062
268,0062
269,0063
270,0063
271,0063
272,0063
273,0063
274,0064
275,0064
276,0064
277,0064
278,0065
279,0065
280,0065
281,0065
282,0065
283,0066
284,0066
285,0066
286,0066
287,0066
288,0067
289,0067
290,0067
291,0067
292,0068
293,0068
294,0068
295,0068
296,0068
297,0069
298,0069
299,0069
300,0069
301,0069
302,0070
303,0070
304,0070
305,0070
306,0071
307,0071
308,0071
309,0071
310,0071
311,0072
312,0072
313,0073
314,0073
315,0073
316,0073
317,0074
318,0074
319,0074
320,0074
321,0074
322,0075
323,0075
324,0075
325,0075
326,0076
327,0076
328,0076
329,0076
330,0076
331,0077
332,0077
333,0077
334,0077
335,0078
336,0078
337,0078
338,0078
339,0078
340,0079
341,0079
342,0079
343,0079
344,0079
345,0080
346,0080
347,0080
348,0081
349,0081
350,0081
351,0082
352,0082
353,0082
354,0082
355,0082
356,0083
357,0083
358,0083
359,0083
360,0084
361,0084
362,0084
363,0085
364,0085
365,0085
366,0085
367,0085
368,0086
369,0086
370,0086
371,0086
372,0086
373,0087
374,0087
375,0087
376,0087
377,0087
378,0088
379,0088
380,0088
381,0089
382,0089
383,0089
384,0089
385,0089
386,0090
387,0090
388,0090
389,0090
390,0091
391,0091
392,0091
393,0092
394,0092
395,0092
396,0092
397,0093
398,0093
399,0093
400,0093
401,0094
402,0094
403,0094
404,0094
405,0095
406,0095
407,0095
408,0096
409,0096
410,0097
411,0097
412,0097
413,0098
414,0099
415,0099
416,0099
417,0099
418,0099
419,0100
420,0100
421,0100
422,0100
423,0100
424,0101
425,0101
426,0101
427,0101
428,0101
429,0102
430,0102
431,0102
432,0102
433,0102
434,0103
435,0103
436,0103
437,0103
438,0104
439,0104
440,0104
441,0104
442,0105
443,0105
444,0106
445,0106
446,0106
447,0107
448,0108
449,0109
450,0109
451,0110
452,0111
453,0111
454,0112
455,0112
456,0112
457,0112
458,0112
459,0113
460,0113
461,0113
462,0113
463,0114
464,0114
465,0114
466,0115
467,0115
468,0115
469,0115
470,0116
471,0116
472,0116
473,0116
474,0117
475,0117
476,0117
477,0117
478,0118
479,0118
480,0118
481,0118
482,0118
483,0119
484,0119
485,0119
486,0120
487,0120
488,0120
489,0121
490,0121
491,0121
492,0122
493,0122
494,0122
495,0122
496,0123
497,0123
498,0123
499,0123
500,0124
501,0124
502,0124
503,0125
504,0125
505,0125
506,0126
507,0126
508,0126
509,0126
510,0127
511,0127
512,0127
513,0127
514,0127
515,0128
1,0129
2,0129
3,0129
4,0130
5,0130
6,0130
7,0131
8,0132
9,0132
10,0134
11,0137
12,0138
13,0139
14,0139
15,0140
16,0140
17,0140
18,0140
19,0141
20,0141
21,0141
22,0142
23,0142
24,0142
25,0143
26,0143
27,0143
28,0143
29,0143
30,0144
31,0144
32,0144
33,0144
34,0144
35,0144
36,0144
37,0145
38,0145
39,0145
40,0145
41,0145
42,0145
43,0146
44,0146
45,0146
46,0147
47,0147
48,0147
49,0147
50,0147
51,0148
52,0148
53,0148
54,0148
55,0149
56,0149
57,0149
58,0150
59,0151
60,0151
61,0151
62,0152
63,0152
64,0153
65,0154
66,0154
67,0155
68,0155
69,0156
70,0156
71,0157
72,0157
73,0158
74,0158
75,0159
76,0160
77,0160
78,0160
79,0161
80,0161
81,0161
82,0161
83,0161
84,0162
85,0163
86,0164
87,0165
88,0165
89,0166
90,0167
91,0168
92,0170
93,0171
94,0172
95,0172
96,0173
97,0173
98,0175
99,0175
100,0176
101,0178
102,0179
103,0179
104,0180
105,0182
106,0183
107,0184
108,0185
109,0185
110,0186
111,0187
112,0187
113,0188
114,0188
115,0190
116,0190
117,0191
118,0191
119,0193
120,0193
121,0194
122,0194
123,0195
124,0196
125,0197
126,0197
127,0198
128,0200
129,0200
130,0202
131,0203
132,0203
133,0204
134,0205
135,0206
136,0216
137,0216
138,0217
139,0218
140,0219
141,0220
142,0221
143,0222
144,0223
145,0227
146,0228
147,0229
148,0230
149,0232
150,0233
151,0233
152,0235
