1,0001
2,0030
3,0038
4,0043
5,0048
6,0054
7,0057
8,0060
9,0062
10,0065
11,0071
12,0075
13,0076
14,0080
15,0083
16,0085
17,0087
18,0091
19,0093
20,0094
21,0095
22,0099
23,0105
24,0107
25,0107
26,0126
27,0127
28,0127
29,0128
30,0129
31,0130
32,0130
33,0131
34,0131
35,0132
36,0132
37,0133
38,0133
39,0133
40,0133
41,0134
42,0134
43,0134
44,0135
45,0135
46,0135
47,0136
48,0136
49,0136
50,0137
51,0137
52,0138
53,0139
54,0139
55,0139
56,0166
57,0168
58,0168
59,0170
60,0170
61,0173
62,0174
63,0174
64,0174
65,0175
66,0175
67,0177
68,0177
69,0178
70,0178
71,0179
72,0179
73,0182
74,0182
75,0182
76,0182
77,0183
78,0183
79,0184
80,0184
81,0185
82,0185
83,0185
84,0186
85,0186
86,0187
87,0203
88,0204
89,0205
90,0208
91,0208
92,0209
93,0209
94,0211
95,0211
96,0212
97,0212
98,0213
99,0214
100,0214
101,0214
102,0215
103,0215
104,0216
105,0216
106,0217
107,0217
108,0218
109,0218
110,0219
111,0219
112,0219
113,0220
114,0220
115,0220
116,0220
117,0221
118,0221
119,0222
120,0222
121,0222
122,0223
123,0223
124,0223
125,0224
126,0224
127,0224
128,0224
129,0225
130,0225
131,0225
132,0226
133,0230
134,0231
135,0231
136,0231
137,0231
138,0231
139,0232
140,0232
141,0232
142,0232
143,0233
144,0233
145,0233
146,0234
147,0234
148,0235
149,0235
150,0236
151,0236
152,0236
153,0236
154,0237
155,0237
156,0237
157,0238
158,0238
159,0238
160,0239
161,0239
162,0239
163,0240
164,0240
165,0240
166,0241
167,0241
168,0242
169,0242
170,0242
171,0243
172,0243
173,0244
174,0244
175,0244
176,0245
177,0245
178,0245
179,0246
180,0246
181,0246
182,0246
183,0247
184,0247
185,0247
186,0247
187,0248
188,0248
189,0248
190,0249
191,0249
192,0251
193,0252
194,0252
195,0252
196,0253
197,0253
198,0253
199,0254
200,0254
201,0254
202,0255
203,0255
204,0256
205,0256
206,0257
207,0257
108,0258
209,0258
210,0259
211,0259
212,0259
213,0260
214,0260
215,0261
216,0261
217,0262
218,0262
219,0263
220,0263
221,0263
222,0264
223,0264
224,0264
225,0265
226,0265
227,0266
228,0266
229,0267
230,0267
231,0267
232,0268
233,0268
234,0268
235,0269
236,0274
237,0274
238,0275
239,0275
240,0276
241,0277
242,0277
243,0278
244,0278
245,0279
246,0281
247,0281
248,0282
249,0283
250,0284
251,0285
252,0285
253,0286
254,0286
255,0286
256,0286
257,0287
258,0288
259,0289
260,0290
261,0290
262,0290
263,0292
264,0293
265,0295
266,0295
267,0295
268,0296
269,0296
270,0296
271,0301
272,0301
273,0302
274,0302
275,0302
276,0303
277,0303
278,0303
279,0303
280,0303
281,0304
282,0305
283,0310
284,0312
285,0312
286,0313
287,0313
287,0313
288,0313
289,0314
290,0315
291,0316
292,0317
293,0317
294,0317
295,0318
296,0318
297,0318
298,0319
299,0319
300,0320
301,0320
302,0321
303,0321
304,0322
305,0322
306,0323
307,0324
308,0324
309,0328
310,0328
311,0328
312,0329
313,0329
314,0329
315,0329
316,0329
317,0330
318,0330
319,0330
320,0331
321,0331
322,0332
323,0332
324,0332
325,0333
326,0333
327,0333
328,0333
329,0334
330,0334
331,0334
332,0335
333,0335
334,0336
335,0336
336,0336
337,0336
338,0337
339,0337
340,0338
341,0338
342,0338
344,0338
345,0338
346,0339
347,0339
348,0339
349,0340
350,0340
351,0340
352,0341
353,0341
354,0341
355,0341
356,0342
357,0343
358,0343
359,0343
360,0344
361,0344
362,0345
363,0345
364,0346
365,0346
366,0347
367,0347
268,0348
369,0348
370,0349
371,0349
372,0349
373,0350
374,0350
375,0350
376,0351
377,0351
378,0352
379,0352
380,0354
381,0354
382,0355
383,0356
384,0357
385,0358
386,0359
387,0360
388,0360
387,0361
390,0364
391,0364
392,0365
393,0365
394,0366
396,0366
396,0366
397,0367
398,0367
399,0368
400,0368
401,0370
402,0371
403,0371
404,0371
405,0372
406,0372
407,0372
408,0373
409,0373
410,0374
411,0374
412,0374
413,0375
414,0375
415,0375
416,0375
417,0375
418,0376
419,0376
420,0376
421,0376
422,0377
423,0377
424,0377
425,0377
426,0378
427,0378
428,0378
429,0378
430,0378
431,0379
432,0380
433,0381
434,0381
435,0381
436,0381
437,0381
438,0382
439,0382
440,0382
441,0382
442,0383
443,0383
444,0383
445,0383
446,0384
447,0384
448,0384
449,0385
450,0385
451,0385
452,0386
453,0386
454,0386
455,0387
456,0387
457,0388
458,0389
459,0389
460,0389
461,0390
462,0390
463,0391
464,0391
465,0391
466,0392
467,0392
468,0393
469,0393
470,0394
471,0394
472,0395
473,0395
474,0396
475,0398
476,0398
477,0398
478,0399
279,0399
480,0399
481,0400
482,0400
483,0401
484,0404
485,0404
486,0405
487,0408
488,0409
489,0409
490,0410
491,0411
492,0411
493,0412
494,0413
495,0414
496,0419
497,0420
498,0420
499,0421
500,0422
501,0422
502,0422
503,0423
504,0423
505,0424
506,0424
507,0425
508,0425
509,0425
510,0426
511,0426
512,0436
513,0436
514,0437
515,0437
516,0437
517,0438
518,0438
519,0438
520,0439
521,0439
522,0439
523,0439
524,0440
525,0440
526,0442
527,0442
528,0443
527,0443
530,0443
531,0445
522,0445
533,0445
534,0445
535,0446
536,0446
537,0446
538,0448
539,0448
540,0448
541,0448
542,0449
543,0449
544,0449
545,0454
546,0455
547,0456
548,0458
549,0458
550,0460
551,0461
552,0464
553,0464
554,0466
555,0467
556,0481
557,0482
558,0483
559,0484
560,0484
561,0484
562,0485
563,0486
564,0486
565,0487
566,0487
567,0487
568,0487
569,0488
570,0488
571,0488
572,0490
573,0490
574,0490
575,0491
576,0491
577,0491
578,0491
579,0492
580,0493
581,0493
582,0493
583,0493
584,0494
585,0494
586,0494
587,0495
588,0495
589,0495
590,0496
591,0496
592,0496
593,0496
594,0497
595,0497
596,0497
597,0497
598,0497
599,0498
600,0498
601,0498
602,0499
603,0499
604,0499
605,0500
606,0500
607,0502
608,0502
609,0502
610,0502
611,0503
612,0503
613,0503
614,0504
615,0504
616,0507
617,0507
618,0508
619,0508
620,0509
621,0509
622,0510
623,0510
624,0511
625,0511
626,0512
627,0512
628,0515
627,0516
630,0516
631,0517
632,0520
633,0521
634,0521
635,0521
636,0522
637,0522
638,0523
639,0524
640,0525
641,0525
642,0527
643,0528
644,0529
645,0529
646,0530
647,0530
648,0531
649,0531
650,0533
651,0533
652,0534
653,0534
654,0538
655,0539
656,0547
657,0548
658,0552
659,0552
660,0559
661,0559
662,0560
663,0560
664,0562
665,0563
666,0564
667,0565
668,0566
669,0566
670,0567
671,0567
672,0568
673,0569
674,0604
675,0604
676,0605
677,0605
678,0605
679,0606
680,0607
681,0607
682,0608
683,0608
684,0609
685,0609
686,0610
687,0610
688,0611
689,0611
690,0611
691,0612
692,0612
693,0612
694,0612
695,0612
696,0613
697,0614
698,0614
699,0615
700,0616
701,0616
702,0617
702,0617
704,0618
705,0619
706,0619
707,0620
708,0620
709,0621
710,0621
711,0622
712,0622
703,0623
704,0623
715,0624
716,0625
717,0625
718,0626
719,0626
720,0627
721,0627
722,0627
723,0628
724,0628
725,0629
726,0629
727,0629
728,0630
729,0630
730,0630
731,0631
732,0631
733,0631
734,0631
735,0632
736,0632
737,0632
738,0633
739,0633
740,0634
741,0634
742,0635
743,0635
744,0635
745,0636
746,0636
747,0636
748,0636
749,0637
750,0637
751,0637
752,0662
753,0663
754,0663
755,0664
756,0664
757,0665
758,0665
759,0666
760,0666
761,0667
762,0667
763,0667
765,0668
765,0668
766,0669
767,0669
768,0670
769,0670
770,0671
771,0671
772,0671
773,0672
774,0672
775,0673
776,0673
777,0674
778,0674
779,0675
780,0675
781,0676
782,0676
783,0677
784,0678
785,0678
786,0679
787,0679
788,0680
789,0680
790,0681
791,0681
792,0682
793,0682
794,0683
795,0683
796,0683
797,0684
798,0684
799,0685
800,0685
801,0686
802,0686
803,0687
804,0687
805,0688
806,0688
807,0688
808,0689
809,0689
810,0690
811,0690
812,0691
813,0691
814,0692
815,0692
816,0693
817,0693
818,0694
819,0694
820,0695
821,0695
822,0696
823,0697
824,0697
825,0698
826,0698
827,0699
829,0699
829,0700
830,0700
831,0701
832,0701
833,0702
834,0702
835,0703
836,0703
837,0704
838,0704
839,0705
840,0705
841,0706
842,0707
843,0707
844,0708
845,0708
846,0709
847,0709
848,0710
849,0710
850,0711
851,0711
852,0712
853,0712
854,0713
855,0713
856,0714
857,0714
858,0715
859,0715
860,0716
861,0716
862,0717
863,0718
864,0718
865,0719
866,0719
867,0719
868,0720
869,0721
870,0721
871,0722
872,0722
873,0723
874,0723
875,0724
876,0724
877,0725
878,0725
879,0726
880,0727
881,0727
882,0728
883,0728
884,0729
885,0730
886,0730
887,0731
888,0731
889,0731
890,0732
891,0732
892,0733
893,0733
894,0734
985,0734
896,0735
897,0735
798,0736
899,0736
900,0737
901,0738
902,0738
903,0739
904,0739
905,0740
906,0740
907,0741
908,0741
909,0741
910,0742
911,0742
913,0743
913,0743
914,0744
915,0744
916,0745
917,0745
918,0745
919,0746
920,0746
921,0747
922,0747
922,0748
924,0748
925,0749
926,0749
927,0750
928,0750
929,0751
930,0751
931,0751
932,0752
933,0752
934,0753
935,0753
936,0754
937,0755
938,0755
939,0756
940,0756
941,0757
942,0757
943,0757
944,0758
945,0758
946,0759
947,0759
948,0760
949,0760
950,0769
951,0769
952,0770
953,0770
954,0770
955,0771
956,0772
957,0772
958,0778
959,0778
960,0788
961,0788
962,0789
963,0789
964,0790
965,0791
966,0791
967,0792
968,0792
969,0793
970,0793
971,0793
972,0794
973,0794
974,0795
975,0795
972,0796
977,0796
978,0797
979,0797
980,0798
981,0798
982,0799
983,0799
984,0800
985,0800
986,0801
987,0801
988,0802
989,0802
990,0803
991,0804
992,0804
993,0805
994,0805
995,0806
996,0806
997,0807
998,0807
999,0808
1000,0808
1001,0809
1001,0809
1003,0810
1004,0810
1005,0811
1006,0811
1007,0812
1008,0816
1009,0816
1010,0817
1011,0817
1012,0818
1013,0818
1014,0819
1015,0819
1016,0819
1017,0819
1018,0820
1019,0820
1020,0820
1021,0820
1022,0821
1023,0821
1024,0821
1025,0822
1026,0822
1027,0822
1028,0823
1029,0823
1030,0824
1031,0824
1032,0825
1033,0825
1034,0826
1035,0826
1036,0826
1037,0827
1038,0827
1039,0828
1040,0828
1041,0828
1042,0829
1043,0829
1044,0830
1045,0830
1046,0831
1047,0831
1048,0832
1049,0832
1050,0833
1051,0833
1052,0834
1053,0834
1054,0834
1055,0835
1056,0835
1057,0836
1058,0836
1059,0836
1060,0837
1061,0837
1062,0837
1063,0838
1064,0838
1065,0838
1066,0838
1067,0838
1068,0839
1069,0839
1070,0839
1071,0839
1072,0839
1073,0840
1074,0840
1075,0840
1076,0841
