178,0001
179,0001
180,0002
181,0003
182,0004
183,0007
184,0008
185,0009
186,0009
187,0010
188,0011
189,0012
190,0012
191,0013
192,0013
193,0014
194,0015
195,0015
196,0015
197,0016
198,0016
199,0040
200,0040
201,0041
202,0042
203,0044
204,0046
205,0047
206,0048
207,0049
208,0051
209,0052
210,0052
211,0053
212,0053
213,0054
214,0054
215,0054
216,0054
217,0055
218,0055
219,0055
220,0055
221,0056
222,0056
223,0057
224,0058
225,0061
226,0061
227,0063
228,0063
229,0064
230,0064
232,0066
233,0066
234,0067
235,0067
236,0068
237,0069
238,0070
239,0093
240,0093
241,0094
242,0094
243,0095
244,0096
245,0096
246,0097
247,0097
248,0098
249,0098
250,0099
251,0099
252,0099
253,0100
254,0100
255,0100
256,0113
257,0113
258,0113
259,0114
260,0120
261,0121
262,0122
263,0122
264,0123
265,0123
266,0124
267,0126
268,0127
269,0129
270,0131
271,0132
272,0133
273,0134
274,0134
275,0155
276,0155
277,0156
278,0156
279,0157
280,0158
281,0158
282,0159
283,0159
284,0159
285,0160
286,0160
287,0161
288,0161
289,0162
290,0162
291,0163
292,0163
293,0164
294,0165
295,0165
296,0165
297,0166
298,0167
299,0168
300,0168
301,0170
302,0171
303,0171
304,0172
305,0172
306,0173
307,0173
308,0173
309,0174
310,0175
311,0175
312,0176
313,0177
314,0204
315,0204
316,0204
317,0205
318,0206
319,0207
320,0207
321,0208
322,0209
323,0209
324,0209
325,0210
326,0212
327,0213
328,0213
329,0214
330,0215
331,0216
332,0217
333,0217
334,0218
335,0219
336,0220
337,0221
338,0228
339,0229
340,0230
341,0231
342,0231
343,0231
344,0232
345,0233
346,0233
347,0234
348,0234
349,0235
350,0235
351,0244
352,0244
353,0245
354,0245
355,0246
356,0247
357,0247
358,0248
359,0249
360,0250
361,0250
362,0251
363,0252
364,0253
365,0259
366,0259
367,0259
368,0260
369,0261
370,0262
371,0263
372,0264
373,0265
374,0265
375,0266
376,0267
377,0267
378,0268
379,0269
380,0269
381,0269
382,0271
383,0271
384,0272
385,0273
