294,0001
295,0001
296,0002
297,0002
298,0003
299,0003
300,0003
301,0003
302,0004
303,0004
304,0004
305,0004
306,0005
307,0005
308,0005
309,0006
310,0007
311,0007
312,0008
313,0008
314,0009
315,0009
316,0010
317,0011
318,0011
319,0012
320,0013
321,0013
322,0014
323,0014
324,0014
325,0015
326,0015
327,0015
328,0016
329,0016
330,0017
331,0017
332,0017
333,0018
334,0018
335,0019
336,0020
337,0021
338,0021
339,0022
340,0022
341,0023
342,0024
343,0024
344,0025
345,0025
346,0026
347,0027
348,0027
349,0028
350,0028
351,0028
352,0029
353,0029
354,0030
355,0031
356,0032
357,0033
358,0034
359,0034
360,0034
361,0035
362,0085
363,0085
364,0086
365,0086
366,0088
367,0089
368,0090
369,0090
370,0092
371,0092
372,0093
373,0093
374,0094
375,0094
376,0094
377,0095
378,0095
379,0095
380,0095
381,0096
382,0096
383,0097
384,0098
385,0098
386,0099
387,0103
388,0104
389,0105
390,0106
391,0107
392,0107
393,0108
394,0109
395,0109
396,0110
397,0111
398,0112
399,0112
400,0113
401,0114
402,0115
403,0116
404,0116
405,0117
406,0117
407,0119
408,0120
409,0122
410,0123
411,0124
412,0125
413,0126
414,0128
415,0128
416,0129
417,0131
418,0132
419,0132
420,0133
421,0134
422,0136
423,0230
424,0231
425,0231
426,0232
427,0232
428,0233
429,0234
430,0234
431,0235
432,0237
433,0239
434,0240
435,0241
436,0246
437,0246
438,0247
439,0247
440,0248
441,0249
442,0249
443,0250
444,0250
445,0251
446,0252
447,0252
448,0253
449,0253
450,0255
451,0256
452,0256
453,0259
454,0259
455,0261
456,0263
457,0263
458,0264
459,0264
460,0265
461,0266
462,0266
463,0268
464,0269
465,0270
466,0271
467,0272
468,0274
469,0320
470,0321
471,0322
472,0323
473,0323
474,0324
475,0324
476,0325
477,0326
478,0326
479,0327
480,0328
481,0329
482,0331
483,0332
484,0333
485,0334
486,0334
487,0336
488,0337
489,0337
490,0338
491,0339
492,0340
493,0342
494,0342
495,0343
496,0344
497,0344
498,0345
499,0346
500,0347
501,0348
502,0349
503,0350
504,0351
505,0352
506,0352
507,0354
508,0354
509,0356
510,0357
511,0359
512,0360
513,0361
514,0362
515,0362
516,0363
517,0403
518,0403
519,0404
520,0405
521,0406
522,0406
523,0416
524,0417
525,0423
526,0423
527,0429
528,0430
529,0430
530,0434
531,0435
532,0438
533,0440
534,0449
535,0450
536,0452
537,0453
538,0454
539,0456
540,0457
541,0458
542,0460
543,0461
544,0483
545,0483
546,0484
547,0486
548,0487
549,0488
550,0489
551,0490
552,0491
553,0491
554,0492
555,0492
556,0495
557,0509
558,0510
559,0511
560,0512
561,0513
562,0513
563,0514
564,0514
565,0514
566,0516
567,0516
568,0517
569,0519
570,0520
571,0521
572,0521
573,0522
574,0531
575,0531
576,0532
577,0533
578,0534
579,0535
580,0536
581,0538
582,0538
583,0539
584,0539
585,0540
586,0540
587,0541
588,0551
589,0552
590,0552
591,0553
592,0553
593,0555
594,0556
595,0556
596,0556
597,0556
598,0562
599,0562
600,0563
601,0564
602,0565
603,0567
604,0567
605,0568
606,0570
607,0571
608,0572
609,0572
610,0573
611,0574
612,0574
613,0575
614,0588
615,0588
616,0590
617,0591
618,0591
619,0592
620,0599
621,0607
622,0607
623,0608
624,0609
625,0609
626,0610
627,0611
628,0612
629,0612
630,0613
631,0614
632,0616
633,0634
634,0635
635,0635
636,0635
637,0636
638,0636
639,0636
640,0637
641,0637
642,0637
643,0637
644,0638
645,0638
646,0638
647,0638
648,0638
649,0639
650,0639
651,0639
652,0639
653,0639
654,0640
655,0640
656,0640
657,0640
658,0640
659,0657
660,0658
661,0659
662,0661
663,0662
664,0662
665,0663
666,0664
667,0664
668,0665
669,0665
670,0668
671,0669
672,0670
673,0670
674,0671
675,0671
676,0672
677,0673
678,0673
679,0706
680,0706
681,0706
682,0706
683,0707
684,0707
685,0708
686,0712
687,0712
688,0713
689,0713
690,0714
691,0715
692,0716
693,0716
694,0716
695,0770
696,0770
697,0771
698,0772
699,0773
700,0774
701,0780
702,0780
703,0781
704,0781
705,0781
706,0782
707,0782
708,0782
709,0783
710,0783
711,0783
712,0784
713,0784
714,0785
715,0791
716,0792
717,0792
718,0793
719,0793
720,0793
721,0794
722,0795
723,0801
724,0802
725,0802
726,0804
727,0804
728,0806
729,0806
730,0807
731,0813
732,0813
733,0814
734,0814
735,0815
736,0819
737,0828
738,0829
739,0829
740,0830
741,0831
