831,0001
832,0002
833,0002
834,0002
835,0003
836,0003
837,0013
838,0013
839,0013
840,0014
841,0014
842,0014
843,0025
844,0025
845,0025
846,0026
847,0026
848,0026
849,0045
850,0045
851,0045
852,0045
853,0045
854,0046
855,0051
856,0051
857,0051
858,0051
859,0052
860,0052
861,0052
862,0052
863,0065
864,0065
865,0065
866,0065
867,0065
868,0066
869,0070
870,0070
871,0070
872,0070
873,0071
874,0071
875,0071
876,0071
877,0071
878,0072
879,0072
880,0072
881,0072
882,0073
883,0073
884,0073
885,0074
886,0090
887,0090
888,0090
889,0090
890,0091
891,0091
892,0091
893,0097
894,0097
895,0097
896,0097
897,0097
898,0098
899,0104
900,0104
901,0104
902,0104
903,0104
904,0105
905,0114
906,0114
907,0114
908,0114
909,0115
910,0115
911,0127
912,0127
913,0127
914,0127
915,0127
916,0128
917,0136
918,0136
919,0136
920,0136
921,0137
922,0137
223,0150
924,0150
925,0150
926,0150
927,0151
928,0151
929,0151
930,0151
931,0161
932,0161
933,0161
934,0161
935,0162
936,0162
937,0170
938,0170
939,0170
940,0170
941,0171
942,0171
943,0171
944,0180
945,0180
946,0180
947,0180
948,0181
949,0181
950,0181
951,0187
952,0187
953,0187
954,0187
955,0188
956,0188
957,0194
958,0194
959,0194
960,0194
961,0194
962,0195
963,0200
964,0200
965,0200
966,0200
967,0201
968,0201
969,0206
970,0206
971,0206
972,0207
973,0207
974,0207
975,0208
976,0216
977,0216
978,0216
979,0216
980,0216
981,0217
982,0217
983,0224
984,0224
985,0224
986,0224
987,0225
988,0225
989,0225
990,0236
991,0236
992,0236
993,0236
994,0236
995,0237
996,0237
997,0241
998,0241
999,0241
1000,0241
1001,0242
1002,0242
1003,0242
1004,0242
1005,0242
1006,0243
1007,0253
1008,0253
1009,0253
1010,0254
1011,0254
1012,0254
1013,0255
1014,0266
1015,0266
1016,0266
1017,0266
1018,0267
1019,0267
1020,0267
1021,0286
1022,0286
1023,0286
1024,0286
1025,0287
1026,0287
1027,0287
1028,0297
1029,0297
1030,0297
1031,0297
1032,0298
1033,0298
1034,0298
1035,0305
1036,0305
1037,0305
1038,0306
1039,0306
1040,0306
1041,0307
1042,0307
1043,0319
1044,0319
1045,0319
1046,0319
1047,0319
1048,0320
1049,0320
1050,0332
1051,0332
1052,0332
1053,0332
1054,0333
1055,0333
1056,0333
1057,0344
1058,0344
1059,0344
1060,0345
1061,0345
1062,0345
1063,0345
1064,0346
1065,0362
1066,0362
1067,0362
1068,0362
1069,0363
1066,0363
1071,0363
1072,0373
1073,0373
1074,0373
1075,0373
1076,0374
1077,0374
1078,0374
1079,0381
1080,0381
1081,0381
1082,0382
1083,0382
1084,0382
1085,0383
1086,0395
1087,0395
1088,0395
1089,0395
1090,0395
1091,0396
1092,0396
1093,0402
1094,0402
1095,0402
1096,0402
1097,0402
1098,0403
1099,0403
1100,0409
1101,0409
1102,0409
1103,0410
1104,0410
1105,0410
1106,0410
1107,0417
1108,0417
1109,0418
1110,0418
1111,0419
1112,0419
1113,0419
1114,0440
1115,0440
1116,0440
1117,0440
1118,0441
1119,0441
1120,0441
1121,0454
1022,0454
1123,0454
1124,0455
1125,0455
1126,0455
1127,0456
1128,0456
1129,0469
1130,0469
1131,0469
1132,0469
1133,0470
1134,0470
1135,0470
1136,0470
1137,0485
1138,0485
1139,0485
1140,0485
1141,0486
1142,0486
1143,0486
1144,0486
1145,0486
1146,0495
1147,0495
1148,0495
1149,0496
1150,0496
1151,0496
1152,0497
1153,0497
1153,0497
1155,0510
1156,0510
1157,0510
1158,0511
1159,0511
1160,0511
1161,0511
1162,0512
1163,0531
1164,0531
1165,0532
1166,0532
1167,0533
1168,0533
1169,0534
1170,0535
1171,0552
1172,0552
1173,0552
1174,0552
1175,0553
1176,0553
1177,0553
1178,0554
1179,0554
1180,0571
1181,0571
1182,0571
1183,0571
1184,0572
1185,0572
1186,0573
1187,0573
1188,0585
1189,0585
1190,0585
1091,0585
1192,0586
1193,0586
1194,0586
1195,0586
1196,0586
1197,0587
1198,0587
1199,0596
1200,0596
1201,0596
1202,0596
1203,0597
1204,0597
1205,0597
1206,0597
1207,0605
1208,0605
1209,0605
1210,0605
1211,0606
1212,0606
1213,0606
1214,0606
1215,0606
1216,0614
1217,0614
1218,0614
1219,0614
1220,0615
1221,0615
1222,0615
1223,0615
1224,0616
1225,0616
1226,0627
1227,0627
1228,0627
1229,0628
1230,0628
1231,0628
1232,0629
1233,0629
1233,0629
1234,0629
1236,0639
1237,0639
1238,0639
1239,0639
1240,0640
1241,0640
1242,0640
1243,0640
1244,0640
1245,0641
1246,0647
1247,0647
1248,0647
1249,0647
1250,0648
1251,0648
1252,0648
1253,0648
1254,0649
1255,0659
1256,0659
1257,0659
1258,0659
1259,0660
1260,0660
1261,0660
1262,0660
1263,0660
1264,0661
1265,0684
1266,0684
1267,0684
1268,0684
1269,0685
1270,0685
1271,0685
1272,0685
1273,0685
1274,0697
1275,0697
1276,0697
1277,0698
1278,0698
1279,0698
1280,0699
1281,0699
1282,0699
1283,0710
1284,0710
1285,0710
1286,0710
1287,0711
1288,0711
1289,0711
1290,0711
1291,0712
1292,0718
1293,0718
1294,0718
1295,0719
1296,0719
1297,0719
1298,0720
1299,0720
1300,0720
1201,0730
1302,0730
1203,0730
1204,0730
1305,0731
1306,0731
1307,0731
1308,0731
1309,0732
1310,0742
1311,0742
1312,0742
1313,0742
1314,0743
1315,0743
1316,0743
1317,0744
1318,0744
1319,0757
1320,0757
1321,0757
1322,0757
1323,0758
1324,0758
1325,0758
1326,0758
1327,0759
1328,0759
1329,0771
1330,0771
1331,0771
1332,0771
1333,0772
1334,0772
1335,0772
1336,0773
1337,0773
1338,0773
1339,0773
1340,0774
1341,0774
1342,0793
1343,0793
1344,0793
1345,0794
1346,0794
1347,0794
1348,0795
1349,0795
1350,0795
1351,0796
1352,0796
1353,0796
1354,0797
1355,0797
1356,0797
1357,0799
1358,0799
1359,0799
1360,0800
1361,0800
1362,0800
1363,0800
1364,0801
1365,0801
1366,0801
1367,0815
1368,0815
1369,0815
1370,0815
1371,0816
1372,0816
1373,0816
1374,0817
1375,0817
1376,0817
1377,0817
1378,0818
1379,0818
1380,0831
1381,0831
1382,0832
1383,0832
1384,0832
1385,0833
1386,0833
1387,0833
1388,0834
1389,0834
1390,0851
1391,0851
1392,0851
1393,0851
1394,0852
1395,0852
1396,0852
1397,0852
1398,0852
1399,0853
1400,0865
1401,0865
1402,0865
1403,0866
1404,0866
1405,0866
1406,0866
1407,0867
1408,0867
1409,0867
1410,0879
1411,0879
1412,0879
1413,0879
1414,0880
1415,0880
1416,0880
1417,0880
1418,0881
1419,0881
1420,0881
1421,0881
1422,0893
1423,0893
1424,0893
1425,0893
1426,0893
1427,0894
1428,0894
1429,0894
1430,0894
1431,0894
1432,0895
1433,0903
1434,0903
1435,0903
1436,0903
1437,0904
1438,0904
1439,0904
1440,0905
1441,0905
1442,0905
1443,0913
1444,0913
1445,0913
1446,0913
1447,0914
1448,0914
1449,0914
1450,0914
1451,0915
1452,0915
1453,0931
1454,0931
1455,0931
1456,0931
1457,0932
1458,0932
1459,0932
1460,0932
1461,0932
1462,0933
1463,0939
1464,0939
1465,0939
1466,0940
1467,0940
1468,0940
1469,0940
1470,0941
1471,0941
1472,0941
1473,0943
1474,0943
1475,0943
1476,0944
1477,0944
1478,0944
1479,0945
1480,0945
1481,0945
1482,0946
1483,0961
1484,0961
1485,0961
1486,0962
1487,0962
1488,0962
1489,0962
1490,0963
1491,0963
1492,0964
