1,0001
2,0002
3,0002
4,0002
5,0003
6,0003
7,0003
8,0003
9,0003
10,0003
11,0004
12,0004
13,0004
14,0004
15,0004
16,0005
17,0005
18,0005
19,0005
20,0005
21,0005
22,0005
23,0006
24,0006
25,0007
26,0007
27,0007
28,0008
29,0008
30,0008
31,0008
32,0008
33,0008
34,0008
35,0009
36,0009
37,0009
38,0009
39,0009
40,0009
41,0010
42,0010
43,0010
44,0011
45,0011
46,0011
47,0011
48,0011
49,0012
50,0012
51,0013
52,0013
53,0013
54,0013
55,0013
56,0014
57,0014
58,0014
59,0014
60,0014
61,0015
62,0015
63,0015
64,0015
65,0015
66,0015
67,0016
68,0016
69,0017
70,0017
71,0017
72,0017
73,0018
74,0019
75,0019
76,0019
77,0019
78,0019
79,0020
80,0020
81,0020
82,0020
83,0020
84,0021
85,0021
86,0021
87,0022
88,0022
89,0022
90,0022
91,0022
92,0022
93,0023
94,0023
95,0024
96,0024
97,0024
98,0024
99,0024
100,0025
101,0025
102,0026
103,0026
104,0026
105,0026
106,0026
107,0026
108,0027
109,0027
110,0027
111,0028
112,0028
113,0028
114,0028
115,0028
116,0028
117,0029
118,0029
119,0029
120,0030
121,0030
122,0030
123,0030
124,0030
125,0030
126,0031
127,0031
128,0031
129,0032
130,0032
131,0032
132,0032
133,0032
134,0032
135,0033
136,0033
137,0033
138,0033
139,0034
140,0034
141,0034
142,0034
143,0034
144,0034
145,0035
146,0035
147,0035
148,0035
149,0036
150,0036
151,0036
152,0036
153,0036
154,0036
155,0036
156,0036
157,0037
158,0037
159,0037
160,0037
161,0038
162,0038
163,0038
164,0038
165,0039
166,0039
167,0039
168,0039
169,0039
170,0040
171,0040
172,0040
173,0041
174,0041
175,0041
176,0041
177,0041
178,0041
179,0041
180,0042
181,0042
182,0043
183,0043
184,0043
185,0043
186,0043
187,0043
188,0044
189,0044
190,0044
191,0045
192,0045
193,0045
194,0045
195,0045
196,0046
197,0046
198,0046
199,0046
200,0047
201,0047
202,0048
203,0048
204,0048
205,0049
206,0049
207,0049
208,0049
209,0049
210,0050
211,0050
212,0050
213,0051
214,0051
215,0051
216,0051
217,0051
218,0051
219,0052
220,0052
221,0053
222,0053
223,0053
224,0053
225,0053
226,0054
227,0054
228,0054
229,0054
230,0054
231,0055
232,0055
233,0055
234,0055
235,0055
236,0055
237,0056
238,0056
239,0056
240,0056
241,0057
242,0057
243,0057
244,0057
245,0057
246,0057
247,0057
248,0058
249,0058
250,0058
251,0059
252,0059
253,0059
254,0059
255,0060
256,0060
257,0060
258,0060
259,0060
260,0061
261,0061
262,0062
263,0062
264,0062
265,0062
266,0062
267,0062
268,0063
269,0063
270,0063
271,0063
272,0064
273,0064
274,0064
275,0064
276,0065
277,0065
278,0065
279,0065
280,0065
281,0065
282,0066
283,0066
284,0067
285,0067
286,0067
287,0067
288,0067
289,0067
290,0067
291,0068
292,0068
293,0068
294,0068
295,0068
296,0068
297,0069
298,0069
299,0069
300,0069
301,0070
302,0070
303,0070
304,0070
305,0070
306,0070
307,0071
308,0071
309,0071
310,0071
311,0071
312,0072
313,0072
314,0073
315,0073
316,0073
317,0073
318,0073
319,0073
320,0074
321,0074
322,0074
323,0074
324,0074
325,0074
326,0075
327,0075
328,0076
329,0076
330,0076
331,0076
332,0076
333,0076
334,0076
335,0076
336,0077
337,0077
338,0077
339,0077
340,0077
341,0077
342,0078
343,0078
344,0078
345,0078
346,0078
347,0079
348,0079
349,0079
350,0079
351,0079
352,0079
353,0080
354,0080
355,0080
356,0080
357,0080
358,0080
359,0081
360,0081
361,0081
362,0081
363,0081
364,0082
365,0082
366,0082
367,0082
368,0082
369,0082
370,0083
371,0083
372,0083
373,0083
374,0083
375,0083
376,0083
377,0084
378,0084
379,0084
380,0084
381,0084
382,0084
383,0085
384,0085
385,0085
386,0085
387,0085
388,0085
389,0085
390,0086
391,0086
392,0086
393,0086
394,0086
395,0086
396,0087
397,0087
398,0087
399,0087
400,0088
401,0089
402,0089
403,0089
404,0089
405,0089
406,0089
407,0089
408,0090
409,0090
410,0090
411,0090
412,0090
413,0090
414,0090
415,0091
416,0091
417,0091
418,0091
419,0091
420,0091
421,0091
422,0091
423,0092
424,0092
425,0092
426,0092
427,0092
428,0093
429,0093
430,0093
431,0093
432,0093
433,0093
434,0093
435,0094
436,0094
437,0094
438,0094
439,0095
440,0095
441,0095
442,0095
443,0096
444,0096
445,0096
446,0096
447,0096
448,0097
449,0097
450,0097
451,0097
452,0097
453,0097
454,0098
455,0098
456,0098
457,0098
458,0098
459,0098
460,0098
461,0098
462,0099
463,0099
464,0099
465,0099
466,0099
467,0100
468,0100
469,0100
470,0100
471,0100
472,0100
473,0101
474,0101
475,0101
476,0101
477,0101
478,0101
479,0101
480,0102
481,0102
482,0102
483,0102
484,0102
485,0103
486,0104
487,0104
488,0104
489,0104
490,0104
491,0105
492,0105
493,0105
494,0105
495,0105
496,0105
497,0106
498,0106
499,0106
500,0106
501,0107
502,0107
503,0107
504,0107
505,0108
506,0108
507,0108
508,0108
509,0108
510,0108
511,0108
512,0108
513,0109
514,0109
515,0109
516,0109
517,0110
518,0110
519,0110
520,0110
521,0111
522,0111
523,0111
524,0112
525,0112
526,0112
527,0112
528,0112
529,0112
530,0112
531,0113
532,0113
533,0113
534,0113
535,0114
536,0114
537,0114
538,0114
539,0114
540,0114
541,0115
542,0115
543,0115
544,0115
545,0116
546,0116
547,0116
548,0116
549,0116
550,0116
551,0116
552,0117
553,0117
554,0117
555,0117
556,0118
557,0118
558,0118
559,0118
560,0118
561,0119
562,0119
563,0119
564,0119
565,0119
566,0120
567,0120
568,0120
569,0120
570,0120
571,0120
572,0120
573,0121
574,0121
575,0121
576,0121
577,0122
578,0122
579,0122
580,0122
581,0122
582,0122
583,0123
584,0123
585,0123
586,0124
587,0124
588,0124
589,0124
590,0124
591,0124
592,0125
593,0125
594,0125
595,0125
596,0125
597,0125
598,0126
599,0126
600,0126
601,0126
602,0126
603,0127
604,0127
605,0127
606,0127
607,0127
608,0128
609,0128
610,0128
611,0128
612,0128
613,0129
614,0129
615,0129
616,0129
617,0129
618,0129
619,0129
620,0130
621,0130
622,0131
623,0131
624,0131
625,0131
626,0131
627,0132
628,0132
629,0132
630,0132
631,0132
632,0133
633,0133
634,0133
635,0133
636,0133
637,0133
638,0133
639,0134
640,0134
641,0134
642,0134
643,0134
644,0134
645,0134
646,0134
647,0134
648,0135
649,0135
650,0135
651,0135
652,0135
653,0135
654,0136
655,0136
656,0136
657,0136
658,0136
659,0136
660,0136
661,0136
662,0137
663,0137
664,0137
665,0137
666,0138
667,0138
668,0138
669,0138
670,0139
671,0139
672,0139
673,0139
674,0139
675,0139
676,0140
677,0140
678,0140
679,0140
680,0140
681,0140
682,0140
683,0141
684,0141
685,0141
686,0141
687,0141
688,0141
689,0142
690,0142
691,0142
692,0142
693,0142
694,0142
695,0143
696,0143
697,0143
698,0144
699,0144
700,0144
701,0144
702,0144
703,0145
704,0146
705,0146
706,0146
707,0146
708,0146
709,0146
710,0147
711,0147
712,0147
713,0147
714,0147
715,0147
716,0148
717,0148
718,0148
719,0148
720,0148
721,0148
722,0149
723,0149
724,0149
725,0149
726,0150
727,0150
728,0150
729,0150
730,0150
731,0151
732,0151
733,0151
734,0151
735,0151
736,0151
737,0151
738,0152
739,0152
740,0152
741,0152
742,0152
743,0152
744,0153
745,0153
746,0153
747,0153
748,0153
749,0154
750,0154
751,0154
752,0154
753,0154
754,0155
755,0155
756,0155
757,0155
758,0156
759,0156
760,0156
761,0156
762,0156
763,0157
764,0157
765,0157
766,0157
767,0157
768,0158
769,0158
770,0158
771,0158
772,0158
773,0158
774,0159
775,0159
776,0159
777,0159
778,0160
779,0160
780,0160
781,0160
782,0160
783,0160
784,0161
785,0161
786,0161
787,0161
788,0161
789,0161
790,0161
791,0162
792,0162
793,0163
794,0163
795,0163
796,0163
797,0163
798,0163
799,0163
800,0164
801,0164
802,0164
803,0164
804,0164
805,0164
806,0164
807,0165
808,0165
809,0165
810,0165
811,0165
812,0166
813,0166
814,0166
815,0166
816,0167
817,0167
818,0167
819,0168
820,0168
821,0168
822,0168
823,0168
824,0169
825,0169
826,0169
827,0169
828,0170
829,0170
830,0170
831,0170
832,0171
833,0171
834,0171
835,0171
836,0171
837,0171
838,0172
839,0172
840,0172
841,0172
842,0172
843,0173
844,0173
845,0173
846,0173
847,0173
848,0173
849,0174
850,0174
851,0174
852,0174
853,0174
854,0174
855,0174
856,0174
857,0174
858,0175
859,0175
860,0175
861,0175
862,0175
863,0175
864,0176
865,0176
866,0176
867,0176
868,0176
869,0176
870,0176
871,0177
872,0177
873,0177
874,0178
875,0178
876,0178
877,0178
878,0178
879,0179
880,0179
881,0179
882,0179
883,0179
884,0180
885,0180
886,0181
887,0181
888,0181
889,0181
890,0181
891,0181
892,0182
893,0182
894,0182
895,0182
896,0182
897,0182
898,0182
899,0183
900,0183
901,0183
902,0183
903,0184
904,0184
905,0184
906,0184
907,0185
908,0185
909,0185
910,0186
911,0186
912,0186
913,0186
914,0186
915,0186
916,0187
917,0187
918,0187
919,0187
920,0187
921,0188
922,0188
923,0188
924,0188
925,0188
926,0189
927,0189
928,0190
929,0190
930,0190
931,0191
932,0191
933,0191
934,0191
935,0191
936,0191
937,0191
938,0192
939,0192
940,0192
941,0192
942,0192
943,0192
944,0192
945,0192
946,0193
947,0193
948,0193
949,0193
950,0194
951,0194
952,0194
953,0194
954,0194
955,0195
956,0195
957,0195
958,0196
959,0196
960,0196
961,0196
962,0196
963,0196
964,0197
965,0197
966,0197
967,0198
968,0198
969,0198
970,0198
971,0198
972,0198
973,0198
974,0198
975,0198
976,0199
977,0199
978,0199
979,0199
980,0200
981,0200
982,0200
983,0200
984,0200
985,0201
986,0201
987,0201
988,0201
989,0201
990,0201
991,0201
992,0202
993,0202
994,0202
995,0202
996,0202
997,0202
998,0202
999,0202
1000,0202
1001,0203
1002,0203
1003,0203
1004,0203
1005,0203
1006,0203
1007,0203
1008,0204
1009,0204
1010,0204
1011,0204
1012,0204
1013,0205
1014,0205
1015,0205
1016,0205
1017,0205
1018,0205
1019,0205
1020,0206
1021,0206
1022,0206
1023,0206
1024,0206
1025,0206
1026,0206
1027,0206
1028,0207
1029,0207
1030,0207
1031,0207
1032,0207
1033,0207
1034,0207
1035,0207
1036,0208
1037,0208
1038,0208
1039,0208
1040,0208
1041,0208
1042,0208
1043,0209
1044,0209
1045,0209
1046,0209
1047,0209
1048,0209
1049,0209
1050,0210
1051,0210
1052,0210
1053,0210
1054,0211
1055,0211
1056,0211
1057,0212
1058,0212
1059,0212
1060,0212
1061,0213
1062,0213
1063,0213
1064,0213
1065,0214
1066,0214
1067,0214
1068,0214
1069,0214
1070,0214
1071,0215
1072,0215
1073,0215
1074,0215
1075,0215
1076,0215
1077,0215
1078,0216
1079,0216
1080,0216
1081,0216
1082,0216
1083,0217
1084,0217
1085,0217
1086,0217
1087,0217
1088,0217
1089,0218
1090,0218
1091,0218
1092,0218
1093,0218
1094,0219
1095,0219
1096,0219
1097,0220
1098,0220
1099,0220
1100,0220
1101,0220
1102,0220
1103,0221
1104,0221
1105,0221
1106,0221
1107,0221
1108,0222
1109,0222
1110,0222
1111,0222
1112,0223
1113,0223
1114,0223
1115,0223
1116,0223
1117,0223
1118,0224
1119,0224
1120,0225
1121,0225
1122,0225
1123,0226
1124,0226
1125,0226
1126,0226
1127,0226
1128,0226
1129,0227
1130,0227
1131,0227
1132,0227
1133,0228
1134,0228
1135,0228
1136,0228
1137,0228
1138,0229
1139,0229
1140,0230
1141,0230
1142,0231
1143,0231
1144,0231
1145,0231
1146,0231
1147,0231
1148,0231
1149,0232
1150,0232
1151,0232
1152,0232
1153,0232
1154,0233
1155,0233
1156,0233
1157,0233
1158,0234
1159,0234
1160,0234
1161,0234
1162,0234
1163,0235
1164,0235
1165,0235
1166,0235
1167,0235
1168,0236
1169,0236
1170,0236
1171,0236
1172,0236
1173,0237
1174,0237
1175,0237
1176,0237
1177,0237
1178,0238
1179,0238
1180,0238
1181,0238
1182,0238
1183,0238
1184,0239
1185,0239
1186,0239
1187,0239
1188,0240
1189,0240
1190,0240
1191,0240
1192,0240
1193,0240
1194,0240
1195,0240
1196,0241
1197,0241
1198,0241
1199,0241
1200,0242
1201,0242
1202,0242
1203,0242
1204,0242
1205,0242
1206,0242
1207,0243
1208,0243
1209,0243
1210,0243
1211,0244
1212,0244
1213,0244
1214,0245
1215,0245
1216,0245
1217,0245
1218,0245
1219,0245
1220,0246
1221,0246
1222,0246
1223,0246
1224,0246
1225,0246
1226,0247
1227,0247
1228,0247
1229,0247
1230,0247
1231,0247
1232,0248
1233,0248
1234,0248
1235,0248
1236,0249
1237,0249
1238,0249
1239,0249
1240,0249
1241,0249
1242,0250
1243,0250
1244,0250
1245,0250
1246,0250
1247,0250
1248,0250
1249,0251
1250,0251
1251,0251
1252,0251
1253,0252
1254,0252
1255,0252
1256,0252
1257,0252
1258,0253
1259,0253
1260,0253
1261,0253
1262,0253
1263,0253
1264,0253
1265,0254
1266,0254
1267,0254
1268,0254
1269,0254
1270,0254
1271,0255
1272,0255
1273,0255
1274,0255
1275,0255
1276,0256
1277,0256
1278,0256
1279,0256
1280,0257
1281,0257
1282,0257
1283,0257
1284,0257
1285,0257
1286,0258
1287,0258
1288,0258
1289,0258
1290,0259
1291,0259
1292,0259
1293,0259
1294,0259
1295,0259
1296,0260
1297,0260
1298,0260
1299,0260
1300,0260
1301,0260
1302,0261
1303,0261
1304,0261
1305,0261
1306,0262
1307,0262
1308,0262
1309,0262
1310,0262
1311,0263
1312,0263
1313,0263
1314,0263
1315,0263
1316,0264
1317,0264
1318,0264
1319,0264
1320,0264
1321,0264
1322,0264
1323,0264
1324,0265
1325,0265
1326,0265
1327,0265
1328,0265
1329,0265
1330,0266
1331,0266
1332,0266
1333,0266
1334,0266
1335,0266
1336,0266
1337,0267
1338,0267
1339,0267
1340,0267
1341,0267
1342,0268
1343,0268
1344,0268
1345,0268
1346,0268
1347,0268
1348,0269
1349,0269
1350,0269
1351,0269
1352,0269
1353,0270
1354,0270
1355,0270
1356,0270
1357,0270
1358,0270
1359,0271
1360,0271
1361,0271
1362,0271
1363,0272
1364,0272
1365,0272
1366,0272
1367,0272
1368,0272
1369,0273
1370,0273
1371,0273
1372,0273
1373,0273
1374,0274
1375,0274
1376,0274
1377,0274
1378,0274
1379,0275
1380,0275
1381,0275
1382,0275
1383,0276
1384,0276
1385,0276
1386,0276
1387,0276
1388,0277
1389,0277
1390,0277
1391,0277
1392,0277
1393,0278
1394,0278
1395,0278
1396,0278
1397,0278
1398,0279
1399,0279
1400,0279
1401,0279
1402,0279
1403,0280
1404,0280
1405,0280
1406,0280
1407,0280
1408,0281
1409,0281
1410,0281
1411,0281
1412,0282
1413,0282
1414,0282
1415,0282
1416,0283
1417,0283
1418,0283
1419,0284
1420,0284
1421,0284
1422,0284
1423,0285
1424,0285
1425,0285
1426,0285
1427,0286
1428,0286
1429,0287
1430,0287
1431,0287
1432,0287
1433,0287
1434,0287
1435,0288
1436,0288
1437,0288
1438,0288
1439,0289
1440,0289
1441,0289
1442,0290
1443,0290
1444,0290
1445,0291
1446,0291
1447,0292
1448,0292
1449,0292
1450,0293
1451,0293
1452,0293
1453,0293
1454,0294
1455,0294
1456,0295
1457,0295
1458,0295
1459,0296
1460,0296
1461,0297
1462,0297
1463,0297
1464,0298
1465,0298
1466,0298
1467,0298
1468,0299
1469,0299
1470,0299
1471,0300
1472,0300
1473,0300
1474,0300
1475,0301
1476,0301
1477,0301
1478,0302
1479,0302
1480,0302
1481,0302
1482,0303
1483,0304
1484,0304
1485,0304
1486,0305
1487,0305
1488,0305
1489,0305
1490,0306
1491,0306
1492,0306
1493,0306
1494,0306
1495,0307
1496,0307
1497,0308
1498,0308
1499,0308
1500,0308
1501,0309
1502,0309
1503,0309
1504,0310
1505,0310
1506,0310
1507,0310
1508,0311
1509,0311
1510,0311
1511,0311
1512,0312
1513,0312
1514,0312
1515,0312
1516,0313
1517,0313
1518,0313
1519,0313
1520,0314
1521,0314
1522,0314
1523,0315
1524,0315
1525,0315
1526,0316
1527,0316
1528,0317
1529,0317
1530,0317
1531,0317
1532,0318
1533,0318
1534,0318
1535,0319
1536,0319
1537,0319
1538,0319
1539,0319
1540,0320
1541,0320
1542,0320
1543,0321
1544,0321
1545,0321
1546,0321
1547,0322
1548,0322
1549,0322
1550,0323
1551,0323
1552,0324
1553,0324
1554,0324
1555,0324
1556,0324
1557,0324
1558,0325
1559,0325
1560,0325
1561,0325
1562,0325
1563,0326
1564,0326
1565,0326
1566,0327
1567,0327
1568,0327
1569,0327
1570,0328
1571,0328
1572,0328
1573,0328
1574,0329
1575,0329
1576,0329
1577,0329
1578,0330
1579,0330
1580,0330
1581,0331
1582,0331
1583,0331
1584,0331
1585,0331
1586,0332
1587,0332
1588,0332
1589,0333
1590,0333
1591,0333
1592,0333
1593,0334
1594,0334
1595,0334
1596,0334
1597,0334
1598,0335
1599,0335
1600,0335
1601,0336
1602,0336
1603,0336
1604,0337
1605,0337
1606,0337
1607,0337
1608,0337
1609,0338
1610,0338
1611,0338
1612,0338
1613,0338
1614,0338
1615,0339
1616,0339
1617,0339
1618,0339
1619,0339
1620,0339
1621,0340
1622,0340
1623,0340
1624,0340
1625,0340
1626,0341
1627,0341
1628,0341
1629,0341
1630,0342
1631,0342
1632,0342
1633,0343
1634,0343
1635,0343
1636,0343
1637,0344
1638,0344
1639,0344
1640,0344
1641,0344
1642,0345
1643,0345
1644,0345
1645,0346
1646,0346
1647,0346
1648,0346
1649,0346
1650,0346
1651,0347
1652,0347
1653,0347
1654,0347
1655,0347
1656,0348
1657,0348
1658,0348
1659,0348
1660,0349
1661,0349
1662,0349
1663,0349
1664,0349
1665,0349
1666,0350
1667,0350
1668,0350
1669,0350
1670,0351
1671,0351
1672,0351
1673,0351
1674,0352
1675,0352
1676,0352
1677,0352
1678,0353
1679,0353
1680,0353
1681,0353
1682,0353
1683,0354
1684,0354
1685,0354
1686,0355
1687,0355
1688,0355
1689,0356
1690,0356
1691,0356
1692,0356
1693,0356
1694,0356
1695,0357
1696,0357
1697,0357
1698,0357
1699,0357
1700,0358
1701,0358
1702,0358
1703,0358
1704,0358
1705,0359
1706,0359
1707,0359
1708,0359
1709,0360
1710,0360
1711,0360
1712,0360
1713,0360
1714,0360
1715,0361
1716,0361
1717,0361
1718,0361
1719,0362
1720,0362
1721,0363
1722,0363
1723,0363
1724,0363
1725,0363
1726,0363
1727,0364
1728,0364
1729,0364
1730,0364
1731,0364
1732,0365
1733,0365
1734,0365
1735,0365
1736,0365
1737,0366
1738,0366
1739,0367
1740,0367
1741,0367
1742,0367
1743,0368
1744,0368
1745,0368
1746,0368
1747,0369
1748,0369
1749,0369
1750,0369
1751,0369
1752,0370
1753,0370
1754,0370
1755,0370
1756,0371
1757,0371
1758,0372
1759,0372
1760,0372
1761,0372
1762,0372
1763,0372
1764,0373
1765,0373
1766,0373
1767,0373
1768,0373
1769,0373
1770,0374
1771,0374
1772,0374
1773,0374
1774,0374
1775,0374
1776,0375
1777,0375
1778,0375
1779,0375
1780,0376
1781,0376
1782,0376
1783,0376
1784,0376
1785,0376
1786,0376
1787,0377
1788,0377
1789,0377
1790,0377
1791,0377
1792,0377
1793,0377
1794,0378
1795,0378
1796,0378
1797,0378
1798,0378
1799,0378
1800,0379
1801,0379
1802,0379
1803,0379
1804,0379
1805,0379
1806,0379
1807,0380
1808,0380
1809,0380
1810,0380
1811,0380
1812,0380
1813,0380
1814,0381
1815,0381
1816,0381
1817,0381
1818,0381
1819,0381
1820,0381
1821,0382
1822,0382
1823,0382
1824,0382
1825,0382
1826,0382
1827,0382
1828,0383
1829,0383
1830,0383
1831,0383
1832,0383
1833,0383
1834,0383
1835,0384
1836,0384
1837,0384
1838,0384
1839,0384
1840,0384
1841,0384
1842,0385
1843,0385
1844,0385
1845,0385
1846,0385
1847,0385
1848,0386
1849,0386
1850,0386
1851,0386
1852,0386
1853,0386
1854,0386
1855,0387
1856,0387
1857,0387
1858,0387
1859,0387
1860,0387
1861,0387
1862,0388
1863,0388
1864,0388
1865,0388
1866,0388
1867,0388
1868,0388
1869,0388
1870,0389
1871,0389
1872,0389
1873,0389
1874,0389
1875,0389
1876,0389
1877,0390
1878,0390
1879,0390
1880,0390
1881,0390
1882,0390
1883,0390
1884,0391
1885,0391
1886,0391
1887,0391
1888,0391
1889,0392
1890,0392
1891,0392
1892,0392
1893,0392
1894,0392
1895,0393
1896,0393
1897,0393
1898,0393
1899,0393
1900,0394
1901,0394
1902,0394
1903,0394
1904,0394
1905,0394
1906,0395
1907,0395
1908,0395
1909,0395
1910,0395
1911,0395
1,0396
2,0396
3,0396
4,0396
5,0397
6,0397
7,0397
8,0397
9,0397
10,0397
11,0398
12,0398
13,0398
14,0398
15,0398
16,0399
17,0400
18,0400
19,0400
20,0400
21,0400
22,0401
23,0402
24,0402
25,0402
26,0403
27,0403
28,0403
29,0403
30,0404
31,0404
32,0404
33,0405
34,0405
35,0405
36,0405
37,0406
38,0406
39,0406
40,0406
41,0406
42,0406
43,0407
44,0407
45,0407
46,0407
47,0407
48,0408
49,0408
50,0408
51,0409
52,0409
53,0410
54,0410
55,0411
56,0411
57,0411
58,0411
59,0411
60,0411
61,0412
62,0412
63,0412
64,0413
65,0413
66,0413
67,0413
68,0413
69,0414
70,0415
71,0415
72,0415
73,0415
74,0416
75,0416
76,0416
77,0417
78,0417
79,0417
80,0417
81,0418
82,0418
83,0418
84,0418
85,0419
86,0419
87,0419
88,0420
89,0420
90,0420
91,0420
92,0420
93,0421
94,0421
95,0422
96,0422
97,0422
98,0422
99,0422
100,0422
101,0422
102,0423
103,0423
104,0423
105,0423
106,0423
107,0424
108,0424
109,0424
110,0424
111,0425
112,0425
113,0425
114,0426
115,0426
116,0426
117,0426
118,0427
119,0427
120,0427
121,0427
122,0427
123,0428
124,0428
125,0428
126,0428
127,0429
128,0429
129,0429
130,0430
131,0430
132,0430
133,0430
134,0430
135,0433
136,0434
137,0435
138,0435
139,0435
140,0435
141,0436
142,0436
143,0436
144,0437
145,0437
146,0437
147,0437
148,0437
149,0438
150,0438
151,0438
152,0438
153,0439
154,0439
155,0440
156,0440
157,0440
158,0440
159,0441
160,0441
161,0441
162,0441
163,0442
164,0443
165,0443
166,0443
167,0444
168,0444
169,0444
170,0444
171,0444
172,0444
173,0444
174,0445
175,0445
176,0445
177,0445
178,0445
179,0445
180,0446
181,0446
182,0447
183,0447
184,0447
185,0447
186,0447
187,0447
188,0448
189,0448
190,0448
191,0448
192,0448
193,0448
194,0449
195,0449
196,0449
197,0449
198,0449
199,0449
200,0449
201,0449
202,0449
203,0450
204,0450
205,0450
206,0450
207,0450
208,0450
209,0450
210,0450
211,0450
212,0451
213,0451
214,0451
215,0451
216,0451
217,0451
218,0452
219,0452
220,0453
221,0453
222,0453
223,0453
224,0453
225,0454
226,0454
227,0454
228,0454
229,0455
230,0455
231,0455
232,0455
233,0455
234,0456
235,0456
236,0456
237,0457
238,0457
239,0457
240,0457
241,0457
242,0457
243,0458
244,0458
245,0458
246,0458
247,0458
248,0458
249,0459
250,0459
251,0459
252,0459
253,0460
254,0460
255,0460
256,0460
257,0461
258,0461
259,0461
260,0461
261,0461
262,0461
263,0462
264,0462
265,0462
266,0462
267,0462
268,0462
269,0463
270,0463
271,0463
272,0463
273,0464
274,0464
275,0464
276,0464
277,0464
278,0465
279,0465
280,0465
281,0466
282,0466
283,0466
284,0466
285,0466
286,0466
287,0467
288,0467
289,0467
290,0467
291,0467
292,0467
293,0468
294,0468
295,0468
296,0469
297,0469
298,0469
299,0469
300,0469
301,0469
302,0469
303,0469
304,0469
305,0469
306,0470
307,0470
308,0470
309,0470
310,0470
311,0470
312,0471
313,0471
314,0471
315,0471
316,0471
317,0472
318,0472
319,0472
320,0472
321,0472
322,0472
323,0473
324,0473
325,0473
326,0473
327,0474
328,0474
329,0474
330,0474
331,0475
332,0475
333,0475
334,0475
335,0475
336,0476
337,0476
338,0476
339,0476
340,0476
341,0476
342,0477
343,0477
344,0478
345,0478
346,0478
347,0478
348,0478
349,0479
350,0479
351,0479
352,0479
353,0480
354,0480
355,0480
356,0481
357,0481
358,0481
359,0481
360,0482
361,0482
362,0483
363,0483
364,0483
365,0483
366,0483
367,0484
368,0485
369,0485
370,0485
371,0485
372,0485
373,0486
374,0486
375,0486
376,0486
377,0486
378,0486
379,0487
380,0487
381,0487
382,0487
383,0487
384,0487
385,0488
386,0488
387,0488
388,0488
389,0488
390,0488
391,0489
392,0489
393,0489
394,0489
395,0489
396,0490
397,0490
398,0490
399,0490
400,0490
401,0490
402,0490
403,0491
404,0491
405,0491
406,0492
407,0492
408,0492
409,0492
410,0492
411,0492
412,0493
413,0493
414,0493
415,0493
416,0493
417,0493
418,0493
419,0494
420,0494
421,0494
422,0494
423,0494
424,0495
425,0495
426,0495
427,0495
428,0495
429,0495
430,0495
431,0496
432,0496
433,0496
434,0496
435,0496
436,0496
437,0497
438,0497
439,0497
440,0497
441,0498
442,0498
443,0498
444,0498
445,0498
446,0498
447,0498
448,0498
449,0498
450,0498
451,0499
452,0499
453,0499
454,0499
455,0499
456,0499
457,0501
458,0501
459,0501
460,0501
461,0501
462,0501
463,0502
464,0502
465,0502
466,0502
467,0502
468,0502
469,0502
470,0503
471,0503
472,0503
473,0503
474,0503
475,0503
476,0504
477,0504
478,0504
479,0504
480,0504
481,0504
482,0504
483,0504
484,0505
485,0505
486,0505
487,0505
488,0505
489,0505
490,0506
491,0506
492,0506
493,0506
494,0506
495,0506
496,0507
497,0507
498,0507
499,0507
500,0507
501,0508
502,0508
503,0508
504,0508
505,0508
506,0508
507,0508
508,0508
509,0509
510,0509
511,0509
512,0509
513,0509
514,0510
515,0510
516,0510
517,0510
518,0510
519,0510
520,0511
521,0511
522,0511
523,0511
524,0512
525,0512
526,0512
527,0512
528,0512
529,0512
530,0512
531,0513
532,0513
533,0513
534,0513
535,0513
536,0513
537,0513
538,0513
539,0513
540,0514
541,0514
542,0514
543,0514
544,0514
545,0514
546,0514
547,0515
548,0515
549,0515
550,0515
551,0515
552,0515
553,0515
554,0516
555,0516
556,0516
557,0516
558,0516
559,0516
560,0517
561,0517
562,0517
563,0517
564,0517
565,0517
566,0517
567,0517
568,0518
569,0518
570,0518
571,0518
572,0519
573,0519
574,0519
575,0519
576,0519
577,0519
578,0519
579,0520
580,0520
581,0520
582,0520
583,0521
584,0521
585,0521
586,0521
587,0521
588,0522
589,0522
590,0522
591,0522
592,0523
593,0523
594,0523
595,0523
596,0523
597,0524
598,0524
599,0524
600,0524
601,0524
602,0524
603,0525
604,0525
605,0525
606,0525
607,0526
608,0526
609,0526
610,0526
611,0526
612,0527
613,0527
614,0527
615,0527
616,0527
617,0527
618,0527
619,0528
620,0528
621,0528
622,0529
623,0529
624,0529
625,0529
626,0530
627,0530
628,0530
629,0530
630,0530
631,0530
632,0530
633,0531
634,0531
635,0531
636,0532
637,0532
638,0532
639,0532
640,0533
641,0533
642,0533
643,0533
644,0533
645,0533
646,0533
647,0534
648,0534
649,0534
650,0534
651,0535
652,0535
653,0535
654,0535
655,0536
656,0536
657,0536
658,0536
659,0536
660,0537
661,0537
662,0537
663,0538
664,0538
665,0538
666,0538
667,0538
668,0539
669,0539
670,0539
671,0539
672,0539
673,0540
674,0540
675,0540
676,0540
677,0540
678,0541
679,0541
680,0541
681,0542
682,0542
683,0542
684,0542
685,0542
686,0542
687,0542
688,0543
689,0543
690,0543
691,0543
692,0543
693,0543
694,0544
695,0544
696,0544
697,0544
698,0544
699,0544
700,0545
701,0545
702,0545
703,0545
704,0545
705,0546
706,0546
707,0546
708,0546
709,0546
710,0547
711,0547
712,0547
713,0547
714,0547
715,0547
716,0547
717,0547
718,0548
719,0548
720,0548
721,0548
722,0548
723,0549
724,0549
725,0549
726,0549
727,0550
728,0550
729,0550
730,0550
731,0550
732,0551
733,0551
734,0551
735,0551
736,0551
737,0552
738,0552
739,0552
740,0552
741,0552
742,0553
743,0553
744,0553
745,0553
746,0553
747,0554
748,0554
749,0554
750,0554
751,0554
752,0555
753,0555
754,0555
755,0555
756,0556
757,0556
758,0556
759,0556
760,0557
761,0557
762,0557
763,0557
764,0557
765,0557
766,0557
767,0558
768,0558
769,0558
770,0558
771,0559
772,0559
773,0559
774,0559
775,0559
776,0559
777,0560
778,0560
779,0560
780,0560
781,0561
782,0561
783,0561
784,0561
785,0561
786,0561
787,0561
788,0561
789,0562
790,0562
791,0562
792,0562
793,0562
794,0562
795,0563
796,0563
797,0563
798,0563
799,0563
800,0563
801,0564
802,0564
803,0564
804,0564
805,0564
806,0565
807,0565
808,0565
809,0565
810,0565
811,0566
812,0566
813,0566
814,0567
815,0567
816,0567
817,0567
818,0567
819,0567
820,0568
821,0568
822,0568
823,0568
824,0569
825,0569
826,0569
827,0569
828,0570
829,0570
830,0570
831,0570
832,0571
833,0571
834,0571
835,0571
836,0571
837,0571
838,0572
839,0572
840,0572
841,0572
842,0573
843,0573
844,0573
845,0573
846,0573
847,0573
848,0574
849,0574
850,0574
851,0574
852,0574
853,0574
854,0575
855,0575
856,0575
857,0575
858,0575
859,0575
860,0576
861,0576
862,0576
863,0576
864,0576
865,0577
866,0577
867,0577
868,0577
869,0577
870,0577
871,0578
872,0578
873,0578
874,0578
875,0578
876,0579
877,0579
878,0579
879,0579
880,0579
881,0580
882,0580
883,0580
884,0580
885,0580
886,0580
887,0581
888,0581
889,0581
890,0581
891,0582
892,0582
893,0582
894,0582
895,0583
896,0583
897,0583
898,0583
899,0583
900,0583
901,0583
902,0584
903,0584
904,0584
905,0584
906,0584
907,0585
908,0585
909,0585
910,0585
911,0585
912,0585
913,0586
914,0586
915,0586
916,0587
917,0587
918,0587
919,0587
920,0587
921,0588
922,0588
923,0588
924,0588
925,0588
926,0588
927,0589
928,0589
929,0589
930,0589
931,0590
932,0590
933,0590
934,0590
935,0591
936,0591
937,0591
938,0591
939,0591
940,0591
941,0591
942,0592
943,0592
944,0592
945,0592
946,0592
947,0592
948,0593
949,0593
950,0593
951,0593
952,0593
953,0594
954,0594
955,0594
956,0594
957,0594
958,0594
959,0595
960,0595
961,0595
962,0595
963,0595
1,0595
2,0596
3,0596
4,0596
5,0596
6,0596
7,0596
8,0596
9,0597
10,0597
11,0597
12,0597
13,0597
14,0597
15,0598
16,0598
17,0598
18,0598
19,0598
20,0598
21,0599
22,0599
23,0599
24,0599
25,0599
26,0600
27,0600
28,0600
29,0600
30,0600
31,0600
32,0601
33,0601
34,0601
35,0601
36,0601
37,0601
38,0601
39,0602
40,0602
41,0602
42,0602
43,0602
44,0603
45,0603
46,0603
47,0603
48,0603
49,0603
50,0604
51,0604
52,0604
53,0604
54,0604
55,0605
56,0605
57,0605
58,0605
59,0605
60,0605
61,0605
62,0606
63,0606
64,0606
65,0606
66,0606
67,0606
68,0606
69,0606
70,0607
71,0607
72,0607
73,0607
74,0607
75,0607
76,0607
77,0607
78,0608
79,0608
80,0608
81,0608
82,0608
83,0609
84,0609
85,0609
86,0609
87,0609
88,0610
89,0610
90,0610
91,0610
92,0610
93,0610
94,0610
95,0611
96,0611
97,0611
98,0611
99,0611
100,0612
101,0612
102,0612
103,0612
104,0612
105,0612
106,0612
107,0612
108,0613
109,0613
110,0613
111,0613
112,0614
113,0614
114,0614
115,0614
116,0614
117,0614
118,0614
119,0615
120,0615
121,0615
122,0615
123,0615
124,0615
125,0616
126,0616
127,0616
128,0616
129,0616
130,0616
131,0617
132,0617
133,0617
134,0617
135,0617
136,0618
137,0618
138,0618
139,0618
140,0618
141,0618
142,0618
143,0619
144,0619
145,0619
146,0619
147,0619
148,0620
149,0620
150,0620
151,0620
152,0620
153,0620
154,0620
155,0621
156,0621
157,0621
158,0621
159,0621
160,0621
161,0621
162,0622
163,0622
164,0622
165,0622
166,0622
167,0622
168,0623
169,0623
170,0623
171,0623
172,0623
173,0623
174,0624
175,0624
176,0624
177,0624
178,0625
179,0625
180,0625
181,0625
182,0625
183,0626
184,0626
185,0626
186,0626
187,0626
188,0626
189,0627
190,0627
191,0627
192,0628
193,0628
194,0628
195,0628
196,0628
197,0629
198,0629
199,0629
200,0629
201,0630
202,0630
203,0630
204,0630
205,0630
206,0631
207,0631
208,0631
209,0631
210,0631
211,0632
212,0632
213,0632
214,0633
215,0633
216,0633
217,0633
218,0633
219,0633
220,0634
1,0634
2,0635
3,0635
4,0635
5,0635
6,0635
7,0635
8,0636
9,0636
10,0636
11,0636
12,0637
13,0637
14,0637
15,0637
16,0637
17,0637
18,0638
19,0638
20,0638
21,0638
22,0638
23,0638
24,0638
25,0639
26,0639
27,0639
28,0639
29,0639
30,0639
31,0640
32,0640
33,0640
34,0640
35,0640
36,0640
37,0640
38,0640
39,0640
40,0640
41,0640
42,0641
43,0641
44,0641
45,0641
46,0641
47,0642
48,0642
49,0642
50,0642
51,0642
52,0642
53,0642
54,0643
55,0643
56,0643
57,0643
58,0643
59,0644
60,0644
61,0644
62,0644
63,0644
64,0644
65,0644
66,0644
67,0645
68,0645
69,0645
70,0645
71,0645
72,0645
73,0645
74,0645
75,0646
76,0646
77,0646
78,0646
79,0646
80,0647
81,0647
82,0647
83,0647
84,0647
85,0647
86,0647
87,0647
88,0648
89,0648
90,0648
91,0648
92,0648
93,0648
94,0648
95,0649
96,0649
97,0649
98,0649
99,0649
100,0649
101,0649
102,0650
103,0650
104,0650
105,0650
106,0650
107,0650
108,0650
109,0650
110,0650
111,0651
112,0651
113,0651
114,0651
115,0651
116,0651
117,0651
118,0652
119,0652
120,0652
121,0653
122,0653
123,0653
124,0653
125,0653
126,0653
127,0653
128,0654
129,0654
130,0654
131,0654
132,0654
133,0654
134,0654
135,0655
136,0655
137,0655
138,0655
139,0655
140,0655
141,0656
142,0656
143,0656
144,0656
145,0656
146,0657
147,0657
148,0657
149,0658
