1,0001
2,0001
3,0002
4,0002
5,0002
6,0003
7,0003
3,0003
8,0003
9,0003
10,0004
11,0004
12,0004
1,0005
1,0005
1,0005
13,0005
14,0005
1,0006
15,0006
1,0007
16,0007
17,0007
18,0007
19,0008
20,0008
21,0008
22,0008
23,0008
24,0008
25,0009
26,0009
27,0009
28,0009
29,0009
30,0010
31,0010
32,0011
33,0011
34,0011
35,0011
36,0012
37,0012
38,0013
39,0013
40,0013
41,0013
42,0014
43,0014
44,0014
45,0015
46,0015
1,0015
47,0016
48,0016
49,0016
50,0016
51,0016
52,0017
53,0017
54,0017
55,0018
1,0018
56,0018
57,0018
58,0019
59,0019
60,0019
5,0019
61,0020
62,0020
63,0020
64,0020
65,0020
66,0020
67,0020
68,0020
69,0020
1,0021
70,0021
71,0021
72,0021
73,0021
74,0021
75,0022
76,0022
77,0022
78,0022
79,0023
80,0023
81,0023
82,0023
83,0024
84,0024
85,0025
86,0025
87,0026
88,0026
89,0027
90,0027
91,0027
92,0028
93,0028
94,0028
95,0029
96,0029
97,0030
98,0030
99,0030
100,0031
101,0031
102,0031
103,0032
104,0032
105,0033
106,0033
107,0033
108,0033
109,0034
110,0034
111,0035
112,0035
113,0036
114,0036
115,0036
116,0036
117,0037
118,0037
119,0038
120,0038
121,0038
122,0038
123,0039
124,0039
125,0039
126,0040
127,0040
128,0040
129,0040
130,0040
131,0040
132,0040
133,0041
134,0041
135,0041
136,0041
137,0041
138,0042
139,0042
140,0042
141,0042
142,0042
143,0043
144,0043
145,0043
146,0043
147,0043
148,0043
149,0044
150,0044
151,0044
152,0044
153,0045
154,0045
155,0045
156,0045
157,0046
158,0046
159,0046
160,0046
161,0046
162,0046
163,0047
164,0047
165,0047
166,0047
167,0047
168,0047
169,0048
170,0048
171,0048
172,0048
173,0048
174,0048
175,0049
176,0049
177,0049
178,0049
179,0049
180,0049
181,0050
182,0050
183,0050
184,0050
185,0050
186,0051
187,0051
188,0051
189,0051
190,0051
191,0051
192,0052
193,0052
194,0052
195,0053
196,0053
197,0053
198,0053
199,0053
200,0053
201,0054
202,0054
203,0054
204,0054
205,0054
206,0055
207,0055
208,0055
209,0055
210,0055
211,0055
212,0055
213,0055
214,0056
215,0056
216,0056
217,0056
218,0056
219,0057
220,0057
221,0057
222,0057
223,0057
224,0057
225,0058
226,0058
227,0058
228,0058
229,0058
230,0058
231,0059
232,0059
233,0059
234,0059
235,0060
236,0060
237,0060
238,0060
239,0061
240,0061
241,0061
242,0061
243,0061
244,0061
245,0062
246,0062
247,0062
248,0062
249,0063
250,0063
251,0063
252,0064
253,0064
254,0064
255,0064
256,0064
257,0064
258,0064
259,0065
260,0065
261,0065
262,0066
263,0066
264,0067
265,0068
266,0068
267,0068
268,0069
269,0069
270,0069
271,0069
272,0069
273,0069
274,0069
275,0070
276,0070
277,0071
278,0071
279,0071
280,0071
281,0072
282,0072
283,0073
284,0073
285,0073
286,0073
287,0074
288,0074
289,0074
290,0075
291,0075
292,0076
293,0076
294,0076
295,0076
296,0076
297,0077
298,0077
299,0077
300,0078
301,0078
302,0079
303,0080
304,0080
305,0080
306,0081
307,0081
308,0081
309,0081
310,0082
311,0082
312,0082
313,0082
314,0082
315,0083
316,0083
317,0083
318,0083
319,0083
320,0083
321,0084
322,0084
323,0084
324,0084
325,0084
326,0084
327,0085
328,0085
329,0085
330,0086
331,0086
332,0086
333,0086
334,0086
335,0086
336,0087
337,0087
338,0088
339,0088
340,0088
341,0089
342,0089
343,0089
344,0090
345,0090
346,0090
347,0091
348,0092
349,0092
350,0093
351,0093
352,0093
353,0094
354,0095
355,0095
356,0096
357,0096
358,0097
359,0097
360,0098
361,0098
362,0098
363,0098
364,0098
365,0098
366,0098
367,0099
368,0099
369,0099
370,0099
371,0099
372,0100
373,0100
374,0100
375,0100
376,0100
377,0100
378,0101
379,0101
380,0101
381,0101
382,0102
383,0103
384,0103
385,0103
386,0103
387,0103
388,0103
389,0104
390,0104
391,0104
392,0104
393,0105
394,0105
395,0106
396,0106
397,0106
398,0106
399,0106
400,0107
401,0107
402,0107
403,0107
404,0107
405,0107
406,0108
407,0108
408,0108
409,0108
410,0108
411,0109
412,0109
413,0109
414,0109
415,0109
416,0109
417,0110
418,0110
419,0110
420,0110
421,0110
422,0110
423,0111
424,0111
425,0111
426,0111
427,0112
428,0112
429,0112
430,0112
431,0112
432,0113
433,0113
434,0113
435,0113
436,0113
437,0114
438,0114
439,0114
440,0114
441,0114
442,0115
443,0115
444,0115
445,0115
446,0115
447,0116
448,0116
449,0116
450,0116
451,0116
452,0117
453,0117
454,0117
455,0117
456,0117
457,0117
458,0117
459,0118
460,0118
461,0118
462,0118
463,0118
464,0118
465,0118
466,0119
467,0119
468,0119
469,0119
470,0120
471,0120
472,0120
473,0120
474,0121
475,0121
476,0121
477,0121
478,0122
479,0122
480,0123
481,0123
482,0123
483,0124
484,0124
485,0124
486,0124
487,0125
488,0125
489,0125
490,0125
491,0125
492,0125
493,0126
494,0126
495,0126
496,0126
497,0126
498,0127
499,0127
500,0128
501,0128
502,0129
503,0129
504,0129
505,0130
506,0130
507,0130
508,0130
509,0130
510,0130
511,0130
512,0131
513,0131
514,0132
515,0132
516,0132
517,0133
518,0134
519,0134
520,0134
1,0135
2,0135
3,0136
4,0136
5,0137
6,0137
7,0137
8,0137
9,0137
10,0138
11,0138
12,0138
13,0139
14,0139
15,0139
16,0139
17,0139
18,0140
19,0140
20,0141
21,0142
22,0142
23,0143
24,0143
25,0143
26,0144
27,0144
28,0144
29,0144
30,0145
31,0145
32,0146
33,0146
34,0146
35,0146
36,0147
37,0147
38,0147
39,0148
40,0148
41,0148
42,0148
43,0149
44,0149
45,0150
46,0150
47,0150
48,0150
49,0151
50,0151
51,0151
52,0152
53,0152
54,0152
55,0152
56,0153
57,0153
58,0153
59,0154
60,0154
61,0154
62,0154
63,0154
64,0155
65,0155
66,0155
67,0155
68,0156
69,0156
70,0156
71,0156
72,0156
73,0156
74,0157
75,0157
76,0157
77,0157
78,0157
79,0157
80,0158
81,0158
82,0158
83,0158
84,0159
85,0159
86,0159
87,0160
88,0160
89,0160
90,0160
91,0160
92,0161
93,0161
94,0161
95,0162
96,0162
97,0162
98,0162
99,0162
100,0163
101,0163
102,0163
103,0163
104,0163
105,0164
106,0164
107,0164
108,0164
109,0164
110,0164
111,0165
112,0165
113,0165
114,0165
115,0165
116,0166
117,0166
118,0166
119,0166
120,0166
121,0166
122,0167
123,0167
124,0167
125,0167
126,0168
127,0168
128,0168
129,0169
130,0169
131,0169
132,0169
133,0170
134,0170
135,0170
136,0171
137,0171
138,0172
139,0172
140,0173
141,0173
142,0173
143,0173
144,0173
145,0173
146,0173
147,0174
148,0174
149,0174
150,0174
151,0175
152,0175
153,0175
154,0175
155,0176
156,0176
157,0176
158,0176
159,0177
160,0177
161,0177
162,0178
163,0178
164,0178
165,0178
166,0178
167,0179
168,0179
169,0179
170,0179
171,0179
172,0180
173,0180
174,0180
175,0181
176,0181
177,0181
178,0181
179,0181
180,0182
181,0182
182,0182
183,0182
184,0182
185,0182
186,0182
187,0183
188,0183
189,0183
190,0183
191,0183
192,0183
193,0183
194,0183
195,0184
196,0184
197,0184
198,0184
199,0184
200,0184
201,0184
202,0185
203,0185
204,0185
205,0185
206,0185
207,0185
208,0186
209,0186
210,0186
211,0186
212,0186
213,0186
214,0187
215,0187
216,0187
217,0187
218,0187
219,0187
220,0187
221,0188
222,0188
223,0188
224,0188
225,0188
226,0189
227,0189
228,0189
229,0189
230,0189
231,0189
232,0189
233,0190
234,0190
235,0190
236,0190
237,0190
238,0190
239,0190
240,0191
241,0191
242,0191
243,0192
244,0192
245,0192
246,0193
247,0193
248,0193
249,0194
250,0194
251,0194
252,0195
253,0195
254,0195
255,0196
256,0196
257,0196
258,0197
259,0197
260,0197
261,0197
262,0197
263,0198
264,0198
265,0198
266,0199
267,0199
268,0199
269,0200
270,0200
271,0200
272,0201
273,0201
274,0201
275,0202
276,0202
277,0202
278,0203
279,0203
280,0204
281,0204
282,0205
283,0205
284,0205
285,0206
286,0206
287,0206
288,0207
289,0207
290,0207
291,0207
292,0208
293,0208
294,0208
295,0209
296,0209
297,0209
298,0210
299,0210
300,0211
301,0211
302,0211
303,0212
304,0212
305,0212
306,0213
307,0213
308,0214
309,0214
310,0214
311,0215
312,0215
313,0215
314,0216
315,0216
316,0216
317,0216
318,0216
319,0216
320,0217
321,0217
322,0218
323,0218
324,0219
325,0219
326,0219
327,0220
328,0220
329,0221
330,0221
331,0221
332,0222
333,0222
334,0222
335,0223
336,0223
337,0223
338,0224
339,0224
340,0224
341,0224
342,0224
343,0224
344,0224
345,0225
346,0225
347,0225
348,0225
349,0225
350,0226
351,0226
352,0226
353,0226
354,0226
355,0227
356,0227
357,0227
358,0227
359,0227
360,0228
361,0228
362,0229
363,0229
364,0229
365,0230
366,0230
367,0230
368,0231
369,0231
370,0231
371,0232
372,0232
373,0233
374,0233
375,0234
376,0234
377,0234
378,0235
379,0235
380,0236
381,0236
382,0237
383,0237
384,0238
385,0238
386,0238
387,0238
388,0239
389,0239
390,0240
391,0240
392,0240
393,0241
394,0242
395,0242
396,0243
397,0243
398,0244
399,0244
400,0245
401,0245
402,0245
403,0245
404,0245
405,0245
406,0246
407,0246
408,0246
409,0246
410,0247
411,0247
412,0247
413,0248
414,0248
415,0248
416,0248
417,0248
418,0248
419,0248
420,0249
421,0249
422,0249
423,0249
424,0249
425,0249
426,0249
427,0249
428,0250
429,0250
430,0250
431,0250
432,0250
433,0250
434,0250
435,0250
436,0250
437,0251
438,0251
439,0251
440,0251
441,0251
442,0251
443,0251
444,0251
445,0251
446,0251
447,0251
448,0252
449,0252
450,0252
451,0252
452,0252
453,0252
454,0253
455,0253
456,0253
457,0253
458,0254
459,0254
460,0255
461,0255
462,0255
463,0256
464,0256
465,0257
466,0257
467,0258
468,0258
469,0259
470,0259
471,0259
472,0259
473,0259
474,0259
475,0259
476,0259
477,0259
478,0260
479,0260
480,0260
481,0260
482,0260
483,0260
484,0260
485,0260
486,0260
487,0260
488,0260
489,0261
490,0261
491,0261
492,0261
493,0261
494,0261
495,0261
496,0261
497,0261
498,0261
499,0261
500,0262
501,0262
502,0262
503,0262
504,0262
505,0262
506,0262
507,0262
508,0262
509,0262
510,0262
511,0263
512,0263
513,0263
514,0263
515,0263
516,0263
517,0263
518,0263
519,0263
520,0263
521,0264
522,0264
523,0264
524,0264
525,0264
526,0264
527,0264
528,0265
529,0265
530,0265
531,0265
532,0265
533,0265
534,0265
535,0265
536,0265
537,0266
538,0266
539,0266
540,0266
541,0267
542,0267
543,0267
544,0267
545,0267
546,0267
547,0267
548,0267
549,0268
550,0268
551,0268
552,0268
553,0268
554,0268
555,0268
556,0268
557,0269
558,0269
559,0269
560,0269
561,0269
562,0269
563,0269
564,0270
565,0270
566,0270
567,0270
568,0270
569,0270
570,0271
571,0271
572,0271
573,0272
574,0272
575,0272
576,0272
577,0272
578,0272
579,0273
580,0273
581,0273
582,0273
583,0273
584,0273
585,0274
586,0274
587,0274
588,0274
589,0275
590,0275
591,0275
592,0275
593,0276
594,0276
595,0276
596,0276
597,0276
598,0276
599,0277
600,0277
601,0278
602,0278
603,0278
604,0278
605,0278
606,0279
607,0279
608,0279
609,0279
610,0279
611,0279
612,0280
613,0280
614,0280
615,0280
616,0280
617,0281
618,0281
619,0281
620,0281
621,0281
622,0281
623,0281
624,0282
625,0282
626,0282
627,0282
628,0282
629,0282
630,0283
631,0283
632,0283
633,0283
634,0283
635,0283
636,0284
637,0284
638,0284
639,0284
640,0284
641,0284
642,0284
643,0284
644,0285
645,0285
646,0285
647,0285
648,0285
649,0285
650,0286
651,0286
652,0286
653,0286
654,0286
655,0286
656,0286
657,0286
658,0287
659,0287
660,0287
661,0287
662,0287
663,0287
664,0288
665,0288
666,0288
667,0288
668,0289
669,0289
670,0289
671,0289
672,0289
673,0289
674,0289
675,0289
676,0290
677,0290
678,0290
679,0290
680,0290
681,0290
682,0291
683,0291
684,0291
685,0291
686,0291
687,0291
688,0291
689,0291
690,0291
691,0292
692,0292
693,0292
694,0292
695,0292
696,0292
697,0292
698,0293
699,0293
700,0293
701,0293
702,0293
703,0293
704,0293
705,0293
706,0293
707,0293
708,0293
709,0294
710,0294
711,0294
712,0294
713,0294
714,0294
715,0295
716,0295
717,0295
718,0295
719,0296
720,0296
721,0296
722,0297
723,0297
724,0297
725,0297
726,0297
727,0298
728,0298
729,0298
730,0298
731,0298
732,0298
733,0299
734,0299
735,0299
736,0299
737,0299
738,0300
739,0300
740,0300
741,0300
742,0300
743,0300
744,0300
745,0300
746,0301
747,0301
748,0301
749,0301
750,0301
751,0301
752,0302
753,0302
754,0302
755,0302
756,0302
757,0302
758,0302
759,0302
760,0302
761,0302
762,0302
763,0302
764,0303
765,0303
766,0303
767,0303
768,0303
769,0303
770,0303
771,0303
772,0303
773,0303
774,0304
775,0304
776,0304
777,0304
778,0304
779,0304
780,0304
781,0304
782,0304
783,0304
784,0304
785,0305
786,0305
787,0305
788,0305
789,0305
790,0305
791,0305
792,0305
793,0305
794,0305
795,0305
796,0306
797,0306
798,0306
799,0306
800,0306
801,0306
802,0306
803,0306
804,0306
805,0306
806,0306
807,0306
808,0307
809,0307
810,0307
811,0307
812,0307
813,0307
814,0307
815,0307
816,0307
817,0307
818,0308
819,0308
820,0308
821,0308
822,0308
823,0308
824,0308
825,0308
826,0308
827,0309
828,0309
829,0309
830,0309
831,0309
832,0309
833,0309
834,0309
835,0310
836,0311
837,0312
838,0312
839,0312
840,0312
841,0312
842,0312
843,0312
844,0313
845,0313
846,0313
847,0313
848,0313
849,0313
850,0313
851,0313
852,0313
853,0314
854,0314
855,0314
856,0314
857,0314
858,0314
859,0314
860,0314
861,0315
862,0315
863,0315
864,0315
865,0315
866,0316
867,0316
868,0316
869,0316
870,0316
871,0316
872,0316
873,0316
874,0317
875,0317
876,0317
877,0317
878,0317
879,0317
880,0317
881,0317
882,0317
883,0318
884,0318
885,0318
886,0318
887,0318
888,0318
889,0318
890,0318
891,0318
892,0319
893,0319
894,0319
895,0319
896,0319
897,0320
898,0320
899,0320
900,0320
901,0320
902,0320
903,0320
904,0321
905,0321
906,0321
907,0321
908,0321
909,0322
910,0322
911,0322
912,0322
913,0322
914,0322
915,0322
916,0322
917,0322
918,0322
919,0323
920,0323
921,0323
922,0323
923,0323
924,0323
925,0323
926,0323
927,0324
928,0324
929,0324
930,0324
931,0324
932,0324
933,0324
934,0324
935,0324
936,0324
937,0324
938,0325
939,0325
940,0325
941,0325
942,0325
943,0325
944,0325
945,0325
946,0325
947,0325
948,0325
949,0326
950,0326
951,0326
952,0326
953,0326
954,0326
955,0326
956,0326
957,0326
958,0326
959,0326
960,0327
961,0327
962,0327
963,0327
964,0327
965,0327
966,0327
967,0328
968,0328
969,0328
970,0328
971,0328
972,0328
973,0328
974,0328
975,0328
976,0329
977,0329
978,0329
979,0329
980,0329
981,0329
982,0329
983,0329
984,0329
985,0329
986,0329
987,0330
988,0330
989,0330
990,0330
991,0330
992,0330
993,0330
994,0330
995,0330
996,0330
997,0331
998,0331
999,0331
1000,0331
1001,0331
1002,0331
1003,0331
1004,0331
1005,0331
1006,0331
1007,0331
1008,0332
1009,0332
1010,0332
1011,0332
1012,0332
1013,0332
1014,0332
1015,0332
1016,0332
1017,0332
1018,0333
1019,0333
1020,0333
1021,0333
1022,0333
1023,0333
1024,0333
1025,0333
1026,0333
1027,0334
1028,0334
1029,0334
1030,0334
1031,0334
1032,0334
1033,0334
1034,0334
1035,0335
1036,0335
1037,0335
1038,0335
1039,0335
1040,0335
1041,0335
1042,0335
1043,0335
1044,0335
1045,0336
1046,0336
1047,0336
1048,0336
1049,0336
1050,0336
1051,0336
1052,0336
1053,0336
1054,0336
1055,0336
1056,0337
1057,0337
1058,0337
1059,0337
1060,0337
1061,0337
1062,0337
1063,0337
1064,0337
1065,0337
1066,0338
1067,0338
1068,0338
1069,0338
1070,0338
1071,0338
1072,0338
1073,0339
1074,0339
1075,0339
1076,0339
1077,0339
1078,0339
1079,0339
1080,0340
1081,0340
1082,0340
1083,0340
1084,0340
1085,0340
1086,0340
1087,0341
1088,0341
1089,0341
1090,0341
1091,0341
1092,0341
1093,0342
1094,0342
1095,0342
1096,0342
1097,0342
1098,0342
1099,0343
1100,0343
1101,0343
1102,0343
1103,0343
1104,0343
1105,0343
1106,0343
1107,0343
1108,0343
1109,0344
1110,0344
1111,0344
1112,0344
1113,0344
1114,0344
1115,0344
1116,0344
1117,0344
1118,0344
1119,0345
1120,0345
1121,0345
1122,0345
1123,0345
1124,0345
1125,0345
1126,0345
1127,0345
1128,0346
1129,0346
1130,0346
1131,0346
1132,0346
1133,0346
1134,0346
1135,0346
1136,0346
1137,0347
1138,0347
1139,0347
1140,0347
1141,0347
1142,0347
1143,0347
1144,0348
1145,0348
1146,0348
1147,0348
1148,0348
1149,0349
1150,0349
1151,0349
1152,0349
1153,0349
1154,0349
1155,0349
1156,0349
1157,0349
1158,0349
1159,0350
1160,0350
1161,0350
1162,0350
1163,0350
1164,0350
1165,0351
1166,0351
1167,0351
1168,0351
1169,0351
1170,0352
1171,0352
1172,0352
1,0353
2,0353
3,0353
4,0354
5,0354
6,0354
7,0354
8,0355
9,0355
10,0355
11,0355
12,0355
13,0355
14,0356
15,0356
16,0356
17,0356
18,0357
19,0357
20,0358
21,0358
22,0358
23,0358
24,0359
25,0359
26,0359
27,0360
28,0360
29,0360
30,0360
31,0361
32,0361
33,0361
34,0361
35,0362
36,0362
37,0362
38,0362
39,0362
40,0362
41,0362
42,0363
43,0363
44,0363
45,0363
46,0363
47,0363
48,0364
49,0364
50,0364
51,0364
52,0364
53,0365
54,0365
55,0365
56,0366
57,0366
58,0367
59,0367
60,0367
61,0367
62,0368
63,0368
64,0368
65,0368
66,0368
67,0368
68,0368
69,0368
70,0368
71,0368
72,0369
73,0369
74,0369
75,0369
76,0369
77,0369
78,0369
79,0370
80,0370
81,0370
82,0370
83,0370
84,0370
85,0370
86,0371
87,0371
88,0371
89,0371
90,0372
91,0372
92,0372
93,0372
94,0372
95,0372
96,0372
97,0372
98,0372
99,0373
100,0373
101,0373
102,0374
103,0374
104,0374
105,0374
106,0374
107,0375
108,0375
109,0375
110,0375
111,0375
112,0375
113,0376
114,0376
115,0376
116,0376
117,0376
118,0376
119,0376
120,0376
121,0377
122,0377
123,0377
124,0377
125,0377
126,0377
127,0377
128,0377
129,0378
130,0378
131,0378
132,0378
133,0378
134,0378
135,0379
136,0379
137,0379
138,0379
139,0379
140,0380
141,0380
142,0380
143,0380
144,0380
145,0380
146,0380
147,0380
148,0381
149,0381
150,0381
151,0381
152,0382
153,0382
154,0382
155,0382
156,0382
157,0382
158,0382
159,0383
160,0383
161,0383
162,0383
163,0383
164,0384
165,0384
166,0384
167,0384
168,0384
169,0384
170,0384
171,0385
172,0385
173,0385
174,0385
175,0385
176,0386
177,0386
178,0386
179,0386
180,0386
181,0386
182,0386
183,0386
184,0387
185,0387
186,0387
187,0387
188,0388
189,0388
190,0388
191,0388
192,0388
193,0388
194,0388
195,0388
196,0388
197,0388
198,0388
199,0389
200,0389
201,0389
202,0389
203,0389
204,0389
205,0389
206,0389
207,0389
208,0389
209,0390
210,0390
211,0390
212,0390
213,0390
214,0390
215,0390
216,0390
217,0390
218,0390
219,0390
220,0391
221,0391
222,0391
223,0391
224,0391
225,0391
226,0391
227,0391
228,0392
229,0392
230,0392
231,0392
232,0392
233,0392
234,0392
235,0392
236,0392
237,0392
238,0393
239,0393
240,0393
241,0393
242,0393
243,0393
244,0393
245,0393
246,0393
247,0394
248,0394
249,0394
250,0394
251,0394
252,0394
253,0394
254,0394
255,0394
256,0395
257,0395
258,0395
259,0395
260,0395
261,0395
262,0395
263,0395
264,0395
265,0395
266,0396
267,0396
268,0396
269,0396
270,0396
271,0396
272,0396
273,0396
274,0396
275,0397
276,0397
277,0397
278,0397
279,0397
280,0397
281,0397
282,0397
283,0398
284,0398
285,0398
286,0398
287,0398
288,0398
289,0398
290,0398
291,0399
292,0399
293,0399
294,0399
295,0399
296,0399
297,0399
298,0399
299,0400
300,0400
301,0400
302,0400
303,0400
304,0400
305,0400
306,0400
307,0400
308,0401
309,0401
310,0401
311,0401
312,0401
313,0401
314,0401
315,0401
316,0401
317,0402
318,0402
319,0402
320,0402
321,0402
322,0402
323,0402
324,0403
325,0403
326,0403
327,0403
328,0403
329,0403
330,0403
331,0403
332,0403
333,0404
334,0404
335,0404
336,0404
337,0404
338,0404
339,0404
340,0404
341,0404
342,0405
343,0405
344,0405
345,0405
346,0405
347,0405
348,0406
349,0406
350,0406
351,0406
352,0406
353,0406
354,0406
355,0406
356,0406
357,0406
358,0406
359,0406
360,0407
361,0407
362,0407
363,0407
364,0407
365,0407
366,0407
367,0407
368,0407
369,0408
370,0408
371,0408
372,0408
373,0408
374,0408
375,0408
376,0408
377,0408
378,0409
379,0409
380,0409
381,0409
382,0409
383,0409
384,0409
385,0409
386,0409
387,0410
388,0410
389,0410
390,0410
391,0410
392,0410
393,0410
394,0410
395,0410
396,0410
397,0410
398,0411
399,0411
400,0411
401,0411
402,0411
403,0411
404,0411
405,0411
406,0411
407,0411
408,0411
409,0412
410,0412
411,0412
412,0412
413,0412
414,0412
415,0412
416,0412
417,0412
418,0412
419,0412
420,0413
421,0413
422,0413
423,0413
424,0413
425,0413
426,0413
427,0414
428,0414
429,0414
430,0414
431,0415
432,0415
433,0415
434,0415
435,0415
436,0415
437,0415
438,0415
439,0415
440,0415
441,0416
442,0416
443,0416
444,0416
445,0416
446,0416
447,0416
448,0416
449,0416
450,0417
451,0417
452,0417
453,0417
454,0417
455,0417
456,0417
457,0417
458,0417
459,0418
460,0418
461,0418
462,0419
463,0419
464,0419
465,0419
466,0419
467,0419
468,0420
469,0420
470,0420
471,0420
472,0420
473,0420
474,0421
475,0421
476,0421
477,0421
478,0421
479,0422
480,0422
481,0422
482,0422
483,0422
484,0422
485,0422
486,0422
487,0423
488,0423
489,0423
490,0423
491,0423
492,0423
493,0424
494,0424
495,0424
496,0424
497,0424
498,0424
499,0424
500,0425
501,0425
502,0425
503,0425
504,0425
505,0425
506,0425
507,0426
508,0426
509,0426
510,0426
511,0426
512,0426
513,0426
514,0427
515,0427
516,0427
517,0427
518,0427
519,0427
520,0427
521,0428
522,0428
523,0428
524,0428
525,0428
526,0428
527,0428
528,0428
529,0429
530,0429
531,0429
532,0429
533,0429
534,0429
535,0429
536,0429
537,0429
538,0430
539,0430
540,0430
541,0430
542,0430
543,0430
544,0430
545,0430
546,0430
547,0431
548,0431
549,0431
550,0431
551,0431
552,0431
553,0431
554,0431
555,0431
556,0432
557,0432
558,0432
559,0432
560,0432
561,0432
562,0433
563,0433
564,0433
565,0434
566,0434
567,0435
568,0435
569,0435
570,0435
571,0435
572,0436
573,0436
574,0436
575,0436
576,0436
577,0436
578,0436
579,0437
580,0437
581,0437
582,0437
583,0437
584,0437
585,0437
586,0437
587,0438
588,0438
589,0438
590,0438
591,0438
592,0438
593,0438
594,0438
595,0438
596,0438
597,0438
598,0439
599,0439
600,0439
601,0439
602,0439
603,0439
604,0439
605,0439
606,0439
607,0439
608,0440
609,0440
610,0440
611,0440
612,0440
613,0440
614,0440
615,0440
616,0440
617,0440
618,0441
619,0441
620,0441
621,0442
622,0442
623,0442
624,0442
625,0442
626,0442
627,0442
628,0442
629,0442
630,0442
631,0442
632,0443
633,0443
634,0443
635,0443
636,0443
637,0443
638,0443
639,0443
640,0444
641,0444
642,0444
643,0444
644,0444
645,0444
646,0444
647,0445
648,0445
649,0446
650,0446
651,0446
652,0446
653,0447
654,0447
655,0447
656,0447
657,0447
658,0447
659,0447
660,0448
661,0448
662,0448
663,0448
664,0448
665,0448
666,0448
667,0448
668,0449
669,0449
670,0449
671,0449
672,0449
673,0449
674,0449
675,0449
676,0449
677,0449
678,0449
679,0450
680,0450
681,0450
682,0450
683,0450
684,0450
685,0450
686,0450
687,0450
688,0451
689,0451
690,0451
691,0451
692,0451
693,0451
694,0451
695,0452
696,0452
697,0452
698,0452
699,0452
700,0452
701,0453
702,0453
703,0453
704,0453
705,0453
706,0453
707,0453
708,0453
709,0453
710,0454
711,0454
712,0454
713,0454
714,0454
715,0454
716,0454
717,0454
718,0454
719,0454
720,0455
721,0455
722,0455
723,0455
724,0455
725,0455
726,0455
727,0455
728,0455
729,0456
730,0456
731,0456
732,0456
733,0456
734,0456
735,0456
736,0456
737,0456
738,0456
739,0456
740,0457
741,0457
742,0457
743,0457
744,0457
745,0457
746,0457
747,0457
748,0458
749,0458
750,0458
751,0458
752,0458
753,0458
754,0458
755,0459
756,0459
757,0459
758,0459
759,0459
760,0459
761,0459
762,0459
763,0460
764,0460
765,0460
766,0460
767,0460
768,0460
769,0460
770,0460
771,0460
772,0460
773,0461
774,0461
775,0461
776,0461
777,0461
778,0461
779,0461
780,0461
781,0461
782,0461
783,0461
784,0462
785,0462
786,0462
787,0462
788,0462
789,0462
790,0462
791,0462
792,0462
793,0463
794,0463
795,0463
796,0463
797,0463
798,0463
799,0463
800,0463
801,0464
802,0464
803,0464
804,0464
805,0464
806,0464
807,0464
808,0464
809,0464
810,0465
811,0465
812,0465
813,0465
814,0465
815,0465
816,0465
817,0465
818,0465
819,0465
820,0466
821,0466
822,0466
823,0466
824,0466
825,0466
826,0466
827,0467
828,0467
829,0467
830,0467
831,0467
832,0467
833,0467
834,0467
835,0468
836,0468
837,0468
838,0468
839,0468
840,0468
841,0468
842,0468
843,0468
844,0468
845,0468
846,0469
847,0469
848,0469
849,0469
850,0469
851,0469
852,0469
853,0469
854,0469
855,0469
856,0469
857,0470
858,0470
859,0470
860,0470
861,0470
862,0470
863,0470
864,0470
865,0470
866,0470
867,0471
868,0471
869,0471
870,0471
871,0471
872,0471
873,0471
874,0471
875,0471
876,0471
877,0471
878,0472
879,0472
880,0472
881,0472
882,0472
883,0472
884,0472
885,0472
886,0472
887,0472
888,0472
889,0473
890,0473
891,0473
892,0473
893,0473
894,0473
895,0473
896,0474
897,0474
898,0475
899,0475
900,0475
901,0475
902,0477
903,0477
904,0477
905,0477
906,0477
907,0477
908,0477
909,0478
910,0478
911,0478
912,0478
913,0478
914,0478
915,0478
916,0478
917,0478
918,0478
919,0479
920,0479
921,0479
922,0479
923,0479
924,0479
925,0479
926,0479
927,0479
928,0479
929,0479
930,0479
931,0480
932,0480
933,0480
934,0480
935,0480
936,0480
937,0480
938,0480
939,0480
940,0480
941,0481
942,0481
943,0481
944,0481
945,0481
946,0481
947,0481
948,0481
949,0481
950,0481
951,0481
952,0481
953,0482
954,0482
955,0482
956,0482
957,0482
958,0482
959,0482
960,0482
961,0482
962,0482
963,0482
964,0483
965,0483
966,0483
967,0483
968,0483
969,0483
970,0483
971,0483
972,0483
973,0483
974,0483
975,0483
976,0484
977,0484
978,0484
979,0484
980,0484
981,0484
982,0484
983,0484
984,0484
985,0484
986,0484
987,0485
988,0485
989,0485
990,0485
991,0485
992,0485
993,0485
994,0485
995,0485
996,0485
997,0485
998,0486
999,0486
1000,0486
1001,0486
1002,0486
1003,0487
1004,0487
1005,0487
1006,0487
1007,0487
1008,0488
1009,0488
1010,0488
1011,0488
1012,0488
1013,0488
1014,0488
1015,0488
1016,0488
1017,0488
1018,0489
1019,0489
1020,0489
1021,0489
1022,0489
1023,0489
1024,0489
1025,0489
1026,0489
1027,0489
1028,0489
1029,0490
1030,0490
1031,0490
1032,0490
1033,0490
1034,0490
1035,0490
1036,0490
1037,0490
1038,0490
1039,0490
1040,0491
1041,0491
1042,0491
1043,0491
1044,0491
1045,0491
1046,0491
1047,0491
1048,0491
1049,0492
1050,0492
1051,0492
1052,0492
1053,0492
1054,0492
1055,0492
1056,0492
1057,0492
1058,0492
1059,0492
1060,0492
1061,0493
1062,0493
1063,0493
1064,0493
1065,0493
1066,0493
1067,0493
1068,0493
1069,0493
1070,0493
1071,0493
1072,0494
1073,0494
1074,0494
1075,0494
1076,0494
1077,0494
1078,0494
1079,0494
1080,0494
1081,0494
1082,0494
1083,0494
1084,0495
1085,0495
1086,0495
1087,0495
1088,0495
1089,0495
1090,0495
1091,0495
1092,0495
1093,0495
1094,0496
1095,0496
1096,0496
1097,0496
1098,0496
1099,0496
1100,0496
1101,0496
1102,0496
1103,0496
1104,0497
1105,0497
1106,0497
1107,0497
1108,0497
1109,0497
1110,0497
1111,0497
1112,0498
1113,0498
1114,0498
1115,0498
1116,0498
1117,0498
1118,0498
1119,0498
1120,0498
1121,0498
1122,0499
1123,0499
1124,0499
1125,0499
1126,0499
1127,0499
1128,0499
1129,0499
1130,0500
1131,0500
1132,0500
1133,0500
1134,0500
1135,0500
1136,0500
1137,0500
1138,0500
1139,0501
1140,0501
1141,0501
1142,0501
1143,0501
1144,0501
1145,0501
1146,0501
1147,0501
1148,0501
1149,0502
1150,0502
1151,0502
1152,0502
1153,0502
1154,0502
1155,0502
1156,0502
1157,0502
1158,0502
1159,0503
1160,0503
1161,0503
1162,0503
1163,0503
1164,0503
1165,0503
1166,0503
1167,0503
1168,0503
1169,0504
1170,0504
1171,0504
1172,0504
1173,0504
1174,0504
1175,0504
1176,0504
1177,0504
1178,0504
1179,0505
1180,0505
1181,0505
1182,0505
1183,0505
1184,0505
1185,0505
1186,0505
1187,0505
1188,0505
1189,0505
1190,0506
1191,0506
1192,0506
1193,0506
1194,0506
1195,0506
1196,0506
1197,0506
1198,0506
1199,0506
1200,0506
1201,0507
1202,0507
1203,0507
1204,0507
1205,0507
1206,0507
1207,0507
1208,0507
1209,0507
1210,0507
1211,0508
1212,0508
1213,0508
1214,0508
1215,0508
1216,0508
1217,0509
1218,0509
1219,0509
1220,0509
1221,0509
1222,0509
1223,0509
1224,0509
1225,0510
1226,0510
1227,0510
1228,0510
1229,0510
1230,0510
1231,0510
1232,0510
1233,0510
1234,0510
1235,0511
1236,0511
1237,0511
1238,0511
1239,0511
1240,0511
1241,0511
1242,0511
1243,0511
1244,0511
1245,0511
1246,0512
1247,0512
1248,0512
1249,0512
1250,0512
1251,0512
1252,0512
1253,0512
1254,0512
1255,0512
1256,0513
1257,0513
1258,0513
1259,0513
1260,0513
1261,0513
1262,0514
1263,0514
1264,0514
1265,0514
1266,0514
1267,0514
1268,0514
1269,0514
1270,0514
1271,0514
1272,0515
1273,0515
1274,0515
1275,0515
1276,0515
1277,0515
1278,0515
1279,0515
1280,0515
1281,0516
1282,0516
1283,0516
1284,0516
1285,0516
1286,0516
1287,0516
1288,0516
1289,0516
1290,0517
1291,0517
1292,0517
1293,0517
1294,0517
1295,0517
1296,0517
1297,0517
1298,0517
1299,0518
1300,0518
1301,0518
1302,0518
1303,0518
1304,0518
1305,0518
1306,0518
1307,0518
1308,0518
1309,0518
1310,0518
1311,0519
1312,0519
1313,0519
1314,0519
1315,0519
1316,0519
1317,0519
1318,0519
1319,0519
1320,0519
1321,0520
1322,0520
1323,0520
1324,0520
1325,0520
1326,0520
1327,0520
1328,0520
1329,0520
1330,0520
1331,0521
1332,0521
1333,0521
1334,0521
1335,0521
1336,0521
1337,0521
1338,0521
1339,0521
1340,0521
1341,0521
1342,0522
1343,0522
1344,0522
1345,0522
1346,0522
1347,0522
1348,0522
1349,0522
1350,0522
1351,0522
1352,0523
1353,0523
1354,0523
1355,0523
1356,0523
1357,0523
1358,0523
1359,0523
1360,0523
1361,0524
1362,0524
1363,0524
1364,0524
1365,0524
1366,0524
1367,0524
1368,0525
1369,0525
1370,0525
1371,0525
1372,0525
1373,0525
1374,0525
1375,0525
1376,0525
1377,0525
1378,0526
1379,0526
1380,0526
1381,0526
1382,0526
1383,0526
1384,0526
1385,0526
1386,0526
1387,0526
1388,0527
1389,0527
1390,0527
1391,0527
1392,0527
1393,0527
1394,0527
1395,0527
1396,0527
1397,0528
1398,0528
1399,0528
1400,0528
1401,0528
1402,0528
1403,0528
1404,0529
1405,0529
1406,0529
1407,0529
1408,0529
1409,0529
1410,0529
1411,0529
1412,0529
1413,0529
1414,0530
1415,0530
1416,0530
1417,0530
1418,0530
1419,0530
1420,0530
1421,0530
1422,0531
1423,0531
1424,0531
1425,0531
1426,0531
1427,0531
1428,0531
1429,0531
1430,0531
1431,0532
1432,0532
1433,0532
1434,0532
1435,0532
1436,0532
1437,0532
1438,0532
1439,0532
1440,0532
1441,0532
1442,0533
1443,0533
1444,0533
1445,0533
1446,0533
1447,0533
1448,0533
1449,0533
1450,0533
1451,0534
1452,0534
1453,0534
1454,0534
1455,0534
1456,0534
1457,0534
1458,0534
1459,0534
1460,0534
1461,0535
1462,0535
1463,0535
1464,0535
1465,0535
1466,0535
1467,0535
1468,0535
1469,0536
1470,0536
1471,0536
1472,0536
1473,0536
1474,0536
1475,0536
1476,0536
1477,0536
1478,0537
1479,0537
1480,0537
1481,0537
1482,0537
1483,0537
1484,0537
1485,0537
1486,0537
1487,0537
1488,0538
