1,0001
2,0002
3,0004
4,0008
5,0008
6,0008
7,0009
8,0009
9,0009
10,0010
11,0010
12,0010
13,0011
14,0011
15,0011
16,0012
17,0012
18,0012
19,0013
20,0013
21,0013
22,0013
23,0014
24,0014
25,0014
26,0015
27,0015
28,0015
29,0016
30,0016
31,0016
32,0017
33,0017
34,0017
35,0018
36,0019
37,0019
38,0020
39,0021
40,0021
41,0022
42,0022
43,0025
44,0025
45,0028
46,0028
47,0028
48,0029
49,0029
50,0029
51,0030
52,0030
53,0030
54,0031
55,0031
56,0031
57,0032
58,0032
59,0032
60,0033
61,0033
62,0033
63,0033
64,0034
65,0034
66,0034
67,0035
68,0035
69,0035
70,0036
71,0036
72,0036
73,0037
74,0037
75,0037
76,0038
77,0039
78,0040
79,0040
80,0041
81,0041
82,0042
83,0043
84,0045
85,0047
86,0050
87,0051
88,0055
89,0058
90,0058
91,0059
92,0059
93,0062
94,0062
95,0063
96,0063
97,0063
98,0063
99,0064
100,0064
101,0064
102,0065
103,0065
104,0065
104,0066
106,0066
107,0066
108,0067
109,0067
110,0067
111,0068
112,0068
113,0068
114,0069
115,0069
116,0069
117,0070
118,0070
119,0070
120,0072
121,0072
122,0074
123,0074
124,0075
125,0075
126,0076
127,0076
128,0077
129,0079
130,0080
131,0080
132,0081
133,0083
134,0084
135,0086
136,0086
137,0086
138,0087
139,0087
140,0087
141,0087
142,0088
143,0088
144,0088
145,0089
146,0089
147,0089
148,0090
149,0090
150,0090
151,0091
152,0091
153,0091
155,0091
155,0092
156,0092
157,0092
158,0093
159,0093
160,0094
161,0094
162,0094
163,0095
164,0096
165,0098
166,0098
167,0099
168,0099
169,0100
170,0101
171,0101
172,0102
173,0102
174,0105
175,0105
176,0107
177,0108
178,0108
179,0109
180,0109
181,0109
182,0110
183,0110
184,0110
185,0111
186,0111
187,0112
188,0112
189,0112
190,0113
191,0113
192,0113
193,0114
194,0114
195,0114
196,0115
197,0115
198,0115
199,0116
200,0116
201,0117
202,0117
203,0117
204,0118
205,0118
206,0119
207,0121
208,0122
209,0123
210,0123
211,0124
212,0124
213,0125
214,0125
215,0126
216,0127
217,0127
218,0128
219,0128
220,0129
221,0129
222,0130
223,0130
224,0131
225,0133
226,0134
227,0136
228,0136
229,0137
230,0137
231,0137
232,0138
233,0138
234,0139
235,0139
236,0139
237,0140
238,0140
239,0141
240,0141
241,0141
242,0142
243,0142
244,0142
245,0143
246,0143
247,0144
248,0144
249,0144
250,0145
251,0145
252,0146
253,0146
254,0146
255,0147
256,0147
257,0148
258,0150
259,0151
262,0152
261,0152
262,0153
263,0153
264,0154
265,0154
266,0155
267,0156
268,0156
269,0157
270,0157
271,0158
272,0158
273,0159
274,0159
275,0160
276,0163
277,0165
278,0167
279,0169
280,0169
281,0170
282,0170
283,0171
284,0171
285,0171
286,0172
287,0172
288,0172
289,0173
290,0173
291,0174
292,0174
293,0175
294,0175
295,0175
296,0176
297,0176
298,0177
299,0177
300,0177
301,0178
302,0178
303,0179
304,0179
305,0179
306,0180
307,0180
308,0180
309,0181
310,0182
311,0183
312,0184
313,0184
314,0185
315,0186
316,0186
317,0187
318,0187
319,0190
320,0204
321,0204
322,0206
323,0207
324,0208
325,0208
326,0209
327,0210
328,0211
329,0212
330,0212
331,0213
332,0213
333,0214
334,0215
335,0215
336,0217
337,0218
338,0218
339,0219
340,0220
341,0221
342,0222
343,0223
344,0223
345,0225
346,0226
347,0227
348,0227
349,0228
350,0229
350,0230
352,0231
353,0232
354,0232
355,0232
356,0234
357,0235
358,0236
359,0236
360,0237
361,0238
362,0239
363,0240
364,0240
365,0241
366,0241
367,0242
368,0243
369,0243
370,0245
371,0246
372,0246
373,0249
374,0250
375,0251
376,0251
377,0273
378,0273
379,0274
380,0276
381,0277
382,0278
383,0280
384,0281
385,0281
386,0283
387,0283
388,0284
389,0286
390,0287
391,0289
392,0291
393,0291
394,0292
395,0294
396,0294
397,0295
398,0298
399,0299
400,0300
401,0302
402,0303
403,0304
404,0307
405,0308
406,0310
407,0313
408,0314
409,0316
410,0316
411,0317
412,0318
403,0318
414,0321
415,0324
416,0324
417,0324
418,0326
419,0327
420,0327
421,0329
422,0330
423,0333
424,0333
425,0334
426,0335
427,0336
428,0336
429,0337
430,0338
431,0339
432,0340
433,0340
434,0341
435,0342
436,0343
437,0344
438,0344
439,0348
440,0352
441,0352
442,0353
443,0354
444,0355
445,0355
446,0357
447,0358
448,0359
449,0362
450,0363
451,0364
452,0364
53,0365
454,0366
455,0367
456,0368
457,0369
458,0371
459,0374
460,0374
461,0375
462,0376
463,0377
464,0377
465,0378
466,0379
467,0380
468,0380
469,0382
470,0383
471,0384
472,0384
473,0384
474,0384
475,0385
476,0385
477,0385
878,0386
479,0386
480,0386
481,0387
482,0388
483,0389
484,0390
885,0391
486,0393
487,0393
488,0395
489,0395
490,0395
491,0396
492,0396
493,0396
494,0396
495,0396
496,0397
497,0397
498,0399
499,0400
500,0400
501,0401
502,0401
503,0401
504,0401
505,0401
506,0402
507,0402
508,0402
509,0402
510,0403
511,0403
512,0403
513,0403
514,0404
515,0404
516,0404
517,0404
518,0405
519,0405
520,0405
521,0406
522,0406
523,0407
524,0407
525,0407
526,0408
527,0408
528,0408
529,0433
530,0433
531,0433
532,0434
533,0434
534,0434
535,0435
536,0435
537,0435
538,0436
539,0436
540,0436
541,0437
542,0437
543,0438
544,0438
545,0438
546,0439
547,0439
548,0439
549,0440
550,0442
551,0442
552,0442
553,0442
554,0444
555,0444
556,0445
557,0445
558,0445
559,0445
560,0445
561,0446
562,0446
563,0446
564,0447
565,0447
566,0447
567,0448
568,0448
569,0449
570,0450
571,0450
572,0451
573,0451
574,0452
575,0453
576,0454
577,0456
578,0458
579,0460
580,0461
581,0462
582,0463
583,0464
584,0467
585,0504
586,0505
587,0505
588,0507
589,0509
590,0510
591,0510
592,0511
593,0512
594,0514
595,0514
596,0515
597,0518
598,0520
599,0522
600,0522
601,0525
602,0527
603,0527
604,0528
605,0528
606,0529
607,0529
608,0530
609,0530
610,0534
611,0534
612,0536
613,0537
614,0537
615,0539
616,0540
617,0543
618,0547
619,0547
620,0547
621,0548
622,0548
623,0548
624,0549
625,0550
626,0551
627,0551
628,0553
629,0553
630,0555
631,0556
632,0557
633,0557
634,0558
635,0559
636,0559
637,0559
638,0560
639,0561
640,0562
641,0562
642,0562
643,0563
644,0564
645,0564
646,0565
647,0565
648,0565
649,0566
650,0566
651,0566
652,0566
653,0567
654,0567
655,0567
656,0568
657,0568
658,0568
659,0568
660,0569
661,0569
662,0569
663,0569
664,0570
665,0570
666,0571
667,0571
668,0572
669,0572
670,0573
671,0573
672,0574
673,0575
674,0576
675,0578
676,0580
677,0581
678,0581
679,0582
680,0583
681,0585
682,0588
683,0588
684,0589
685,0590
686,0592
687,0594
688,0596
689,0598
690,0598
691,0601
692,0603
693,0603
694,0606
