1,0001
2,0001
3,0002
4,0002
5,0003
6,0003
7,0004
8,0005
9,0005
10,0005
11,0006
12,0006
13,0007
14,0008
15,0008
16,0008
17,0009
18,0009
19,0009
20,0009
21,0010
22,0010
23,0011
24,0011
25,0011
26,0011
27,0012
28,0012
29,0013
30,0013
31,0014
32,0014
33,0015
34,0015
35,0016
36,0017
37,0017
38,0018
39,0018
40,0019
41,0020
42,0020
43,0021
44,0021
45,0022
46,0022
47,0022
48,0023
49,0024
50,0024
51,0024
52,0025
53,0025
54,0026
55,0026
56,0026
57,0026
58,0027
59,0027
60,0027
61,0028
62,0028
63,0028
64,0029
65,0029
66,0029
67,0029
68,0030
69,0030
70,0030
71,0030
72,0031
73,0031
74,0031
75,0032
76,0032
77,0032
78,0033
79,0033
80,0033
81,0034
82,0034
83,0034
84,0035
85,0035
86,0035
87,0035
88,0035
89,0036
90,0036
91,0037
92,0037
93,0038
94,0038
95,0038
96,0038
97,0039
98,0039
99,0039
100,0039
101,0040
102,0041
103,0041
104,0042
105,0042
106,0043
107,0043
108,0044
109,0045
110,0046
111,0046
112,0046
113,0046
114,0047
115,0048
116,0049
117,0049
118,0050
119,0050
120,0050
121,0050
122,0051
123,0051
124,0051
125,0051
126,0052
127,0052
128,0052
129,0052
130,0053
131,0053
132,0053
133,0054
134,0054
135,0055
136,0055
137,0055
138,0056
139,0057
140,0057
141,0057
142,0058
143,0058
144,0058
145,0058
146,0058
147,0059
148,0059
149,0059
150,0059
151,0060
152,0060
153,0060
154,0060
155,0061
156,0061
157,0061
158,0062
159,0062
160,0062
161,0062
162,0063
163,0063
164,0064
165,0064
166,0064
167,0065
168,0065
169,0065
170,0065
171,0065
172,0066
173,0066
174,0066
175,0066
176,0067
177,0068
178,0068
179,0068
180,0069
181,0069
182,0069
183,0070
184,0070
185,0071
186,0071
187,0071
188,0072
189,0072
190,0072
191,0073
192,0073
193,0073
194,0074
195,0074
196,0075
197,0076
198,0076
199,0076
200,0076
201,0076
202,0077
203,0077
204,0077
205,0077
206,0077
207,0078
208,0078
209,0078
210,0078
211,0078
212,0079
213,0079
214,0079
215,0080
216,0080
217,0080
218,0080
219,0080
220,0081
221,0081
222,0081
223,0082
224,0082
225,0082
226,0083
227,0083
228,0083
229,0083
230,0083
231,0084
232,0084
233,0084
234,0084
235,0084
236,0085
237,0085
238,0085
239,0085
240,0085
241,0086
242,0086
243,0086
244,0087
245,0087
246,0087
247,0087
248,0087
249,0088
250,0088
251,0088
252,0088
253,0089
254,0089
255,0089
256,0089
257,0089
258,0089
259,0090
260,0090
261,0090
262,0090
263,0091
264,0091
265,0091
266,0091
267,0091
268,0091
269,0092
270,0092
271,0092
272,0092
273,0093
274,0093
275,0094
276,0094
277,0094
278,0094
279,0095
280,0095
281,0096
282,0096
283,0096
284,0097
285,0097
286,0098
287,0098
288,0098
289,0098
290,0099
291,0099
292,0099
293,0100
294,0100
295,0100
296,0100
297,0101
298,0101
299,0101
300,0102
301,0102
302,0102
303,0103
304,0103
305,0103
306,0103
307,0103
308,0104
309,0104
310,0104
311,0105
312,0105
313,0105
314,0105
315,0106
316,0106
317,0106
318,0106
319,0106
320,0107
321,0107
322,0107
323,0107
324,0107
325,0108
326,0108
327,0108
328,0108
329,0109
330,0109
331,0109
332,0110
333,0110
334,0110
335,0111
336,0111
337,0111
338,0112
339,0112
340,0113
341,0113
342,0113
343,0113
344,0113
345,0114
346,0114
347,0114
348,0114
349,0115
350,0115
351,0115
352,0115
353,0115
354,0115
355,0116
356,0116
357,0116
358,0116
359,0116
360,0116
361,0117
362,0117
363,0117
364,0117
365,0117
366,0118
367,0118
368,0118
369,0118
370,0118
371,0119
372,0119
373,0119
374,0119
375,0119
376,0120
377,0120
378,0120
379,0120
380,0120
381,0120
382,0121
383,0121
384,0121
385,0121
386,0121
387,0121
388,0122
389,0122
390,0122
391,0122
392,0122
393,0123
394,0123
395,0124
396,0124
397,0124
398,0125
399,0125
400,0125
401,0126
402,0126
403,0126
404,0126
405,0126
406,0127
407,0127
408,0128
409,0128
410,0129
411,0129
412,0130
413,0130
414,0131
415,0131
416,0131
417,0132
418,0132
419,0133
420,0133
421,0134
422,0134
423,0134
424,0134
425,0135
426,0135
427,0136
428,0136
429,0136
430,0136
431,0136
432,0137
433,0137
434,0137
435,0137
436,0137
437,0137
438,0137
439,0137
440,0137
441,0138
442,0138
443,0138
444,0138
445,0138
446,0138
447,0138
448,0138
449,0139
450,0139
451,0139
452,0139
453,0139
454,0139
455,0139
456,0139
457,0140
458,0140
459,0140
460,0140
461,0140
462,0140
463,0141
464,0142
465,0143
466,0144
467,0145
468,0145
469,0146
470,0146
471,0147
472,0148
473,0148
474,0148
475,0149
476,0149
477,0149
478,0150
479,0150
480,0151
481,0152
482,0152
483,0152
484,0152
485,0152
486,0153
487,0153
488,0153
489,0154
490,0154
491,0155
492,0155
493,0156
494,0157
495,0157
496,0158
497,0158
498,0158
499,0158
500,0159
501,0159
502,0159
503,0159
504,0159
505,0159
506,0160
507,0160
508,0160
509,0160
510,0160
511,0161
512,0161
513,0161
514,0162
515,0162
516,0162
517,0163
518,0163
519,0163
520,0164
521,0164
522,0164
523,0165
524,0165
525,0165
526,0165
527,0165
528,0166
529,0166
530,0167
531,0167
532,0167
533,0168
534,0168
535,0169
536,0169
537,0169
538,0170
539,0170
540,0170
541,0171
542,0171
543,0172
544,0172
545,0172
546,0173
547,0173
548,0173
549,0173
550,0174
551,0174
552,0174
553,0174
554,0175
555,0175
556,0175
557,0176
558,0177
559,0177
560,0177
561,0177
562,0177
563,0177
564,0177
565,0177
566,0177
567,0177
568,0178
569,0178
570,0178
571,0178
572,0178
573,0178
574,0178
575,0179
576,0180
577,0181
578,0182
579,0182
580,0182
581,0183
582,0183
583,0183
584,0183
585,0183
586,0184
587,0184
588,0185
589,0185
590,0185
591,0186
592,0186
593,0187
594,0187
595,0187
596,0188
597,0188
598,0188
599,0188
600,0188
601,0189
602,0189
603,0190
604,0190
605,0190
606,0191
607,0191
608,0191
609,0191
610,0191
611,0191
612,0192
613,0192
614,0193
615,0193
616,0194
617,0195
618,0195
619,0196
620,0196
621,0197
622,0197
623,0197
624,0198
625,0198
626,0198
627,0198
628,0199
629,0199
630,0200
631,0200
632,0200
633,0201
634,0201
635,0201
636,0202
637,0202
638,0202
639,0202
640,0202
641,0202
642,0203
643,0204
644,0204
645,0205
646,0206
647,0207
648,0207
649,0208
650,0209
651,0209
652,0209
653,0209
654,0210
655,0210
656,0210
657,0210
658,0211
659,0211
660,0211
661,0213
662,0213
663,0213
664,0213
665,0213
666,0213
667,0214
668,0214
669,0214
670,0214
671,0215
672,0215
673,0215
674,0216
675,0217
676,0217
677,0218
678,0218
679,0218
680,0219
681,0219
682,0219
683,0219
684,0219
685,0220
686,0220
687,0221
688,0221
689,0221
690,0221
691,0222
692,0222
693,0222
694,0222
695,0222
696,0222
697,0223
698,0223
699,0223
700,0223
701,0223
702,0223
703,0224
704,0224
705,0224
706,0225
707,0225
708,0225
709,0225
710,0226
711,0226
712,0226
713,0227
714,0227
715,0228
716,0228
717,0228
718,0229
719,0229
720,0230
721,0230
722,0230
723,0230
724,0230
725,0230
726,0231
727,0231
728,0231
729,0231
730,0231
731,0232
732,0232
733,0232
734,0232
735,0233
736,0233
737,0233
738,0234
739,0234
740,0234
741,0234
742,0234
743,0235
744,0236
745,0236
746,0236
747,0236
748,0236
749,0237
750,0238
751,0238
752,0238
753,0238
754,0238
755,0238
756,0238
757,0238
758,0238
759,0239
760,0239
761,0239
762,0239
763,0239
764,0239
765,0240
766,0241
767,0242
768,0243
769,0243
770,0244
771,0245
772,0245
773,0245
774,0246
775,0246
776,0246
777,0246
778,0246
779,0246
780,0247
781,0247
782,0247
783,0247
784,0248
785,0248
786,0249
787,0249
788,0250
789,0250
790,0250
791,0250
792,0251
793,0251
794,0251
795,0251
796,0251
797,0252
798,0252
799,0253
800,0253
801,0253
802,0253
803,0253
804,0254
805,0254
806,0254
807,0254
808,0255
809,0255
810,0255
811,0256
812,0256
813,0256
814,0257
815,0258
816,0259
817,0259
818,0260
819,0261
820,0261
821,0261
822,0262
823,0262
824,0263
825,0264
826,0264
827,0265
828,0265
829,0266
830,0267
831,0267
832,0267
833,0268
834,0268
835,0269
836,0270
837,0271
838,0271
839,0272
840,0272
841,0272
842,0272
843,0272
844,0272
845,0273
846,0273
847,0273
848,0273
849,0274
850,0274
851,0274
852,0275
853,0275
854,0275
855,0276
856,0277
857,0278
858,0278
859,0278
860,0279
861,0279
862,0279
863,0280
864,0280
865,0280
866,0280
867,0281
868,0281
869,0282
870,0282
871,0282
872,0282
873,0283
874,0283
875,0284
876,0285
877,0285
878,0285
879,0286
880,0286
881,0286
882,0286
883,0286
884,0287
885,0287
886,0287
887,0288
888,0288
889,0288
890,0289
891,0289
892,0289
893,0289
894,0289
895,0289
896,0290
897,0290
898,0290
899,0290
900,0290
901,0291
902,0291
903,0291
904,0291
905,0291
906,0291
907,0292
908,0292
909,0292
910,0292
911,0292
912,0293
913,0293
914,0293
915,0293
916,0294
917,0294
918,0294
919,0294
920,0294
921,0294
922,0295
923,0295
924,0296
925,0296
926,0296
927,0297
928,0297
929,0297
930,0298
931,0298
932,0298
933,0298
934,0299
935,0299
936,0299
937,0299
938,0300
939,0300
940,0300
941,0300
942,0300
943,0301
944,0301
945,0302
946,0302
947,0302
948,0302
949,0302
950,0303
951,0303
952,0303
953,0303
954,0303
955,0303
956,0304
957,0304
958,0304
959,0304
960,0304
961,0305
962,0305
963,0305
964,0305
965,0305
966,0306
967,0306
968,0306
969,0306
970,0307
971,0307
972,0307
973,0307
974,0307
975,0307
976,0308
977,0308
978,0308
979,0308
980,0308
981,0309
982,0309
983,0310
984,0310
985,0310
986,0311
987,0311
988,0311
989,0312
990,0312
991,0312
992,0314
993,0314
994,0314
995,0314
996,0314
997,0314
998,0314
999,0314
1000,0314
1001,0315
1002,0315
1003,0315
1004,0315
1005,0315
1006,0315
1007,0316
1008,0316
1009,0316
1010,0316
1011,0316
1012,0316
1013,0317
1014,0318
1015,0319
1016,0320
1017,0320
1018,0321
1019,0321
1020,0321
1021,0321
1022,0321
1023,0322
1024,0322
1025,0322
1026,0323
1027,0324
1028,0324
1029,0324
1030,0324
1031,0325
1032,0325
1033,0325
1034,0325
1035,0325
1036,0326
1037,0326
1038,0326
1039,0327
1040,0328
1041,0328
1042,0329
1043,0330
1044,0330
1045,0331
1046,0331
1047,0331
1048,0332
1049,0332
1050,0332
1051,0332
1052,0333
1053,0334
1054,0334
1055,0334
1056,0335
1057,0335
1058,0336
1059,0336
1060,0337
1061,0337
1062,0338
1063,0338
1064,0338
1065,0338
1066,0338
1067,0338
1068,0339
1069,0339
1070,0340
1071,0341
1072,0342
1073,0342
1074,0342
1075,0342
1076,0342
1077,0343
1078,0343
1079,0344
1080,0344
1081,0344
1082,0345
1083,0345
1084,0346
1085,0346
1086,0346
1087,0347
1088,0347
1089,0347
1090,0347
1091,0348
1092,0348
1093,0349
1094,0349
1095,0350
1096,0350
1097,0351
1098,0351
1099,0351
1100,0351
1101,0351
1102,0352
1103,0352
1104,0352
1105,0353
1106,0353
1107,0353
1108,0353
1109,0353
1110,0353
1111,0354
1112,0354
1113,0354
1114,0355
1115,0355
1116,0355
1117,0355
1118,0356
1119,0356
1120,0356
1121,0357
1122,0357
1123,0357
1124,0358
1125,0358
1126,0358
1127,0358
1128,0358
1129,0359
1130,0359
1131,0359
1132,0359
1133,0359
1134,0359
1135,0360
1136,0360
1137,0360
1138,0360
1139,0360
1140,0361
1141,0361
1142,0361
1143,0362
1144,0362
1145,0362
1146,0362
1147,0362
1148,0363
1149,0363
1150,0364
1151,0364
1152,0364
1153,0365
1154,0365
1155,0366
1156,0366
1157,0366
1158,0366
1159,0366
1160,0366
1161,0366
1162,0366
1163,0367
1164,0367
1165,0367
1166,0367
1167,0367
1168,0367
1169,0367
1170,0367
1171,0369
1172,0370
1173,0371
1174,0371
1175,0371
1176,0371
1177,0372
1178,0372
1179,0372
1180,0372
1181,0372
1182,0373
1183,0373
1184,0373
1185,0373
1186,0374
1187,0374
1188,0374
1189,0375
1190,0375
1191,0375
1192,0375
1193,0375
1194,0376
1195,0376
1196,0377
1197,0377
1198,0377
1199,0377
1200,0377
1201,0378
1202,0379
1203,0380
1204,0380
1205,0381
1206,0381
1207,0382
1208,0382
1209,0382
1210,0382
1211,0383
1212,0383
1213,0383
1214,0384
1215,0384
1216,0385
1217,0385
1218,0385
1219,0386
1220,0386
1221,0386
1222,0387
1223,0388
1224,0388
1225,0389
1226,0389
1227,0390
1228,0390
1229,0390
1230,0390
1231,0391
1232,0391
1233,0392
1234,0392
1235,0393
1236,0393
1237,0393
1238,0393
1239,0393
1240,0394
1241,0394
1242,0394
1243,0395
1244,0395
1245,0395
1246,0395
1247,0395
1248,0396
1249,0396
1250,0396
1251,0396
1252,0397
1253,0397
1254,0397
1255,0397
1256,0397
1257,0397
1258,0397
1259,0398
1260,0398
1261,0398
1262,0398
1263,0398
1264,0398
1265,0399
1266,0399
1267,0399
1268,0400
1269,0400
1270,0400
1271,0400
1272,0401
1273,0401
1274,0401
1275,0401
1276,0401
1277,0401
1278,0402
1279,0402
1280,0402
1281,0402
1282,0402
1283,0402
1284,0403
1285,0403
1286,0403
1287,0403
1288,0403
1289,0403
1290,0404
1291,0404
1292,0404
1293,0404
1294,0404
1295,0405
1296,0405
1297,0405
1298,0405
1299,0406
1300,0406
1301,0406
1302,0406
1303,0407
1304,0407
1305,0408
1306,0408
1307,0408
1308,0408
1309,0408
1310,0408
1311,0408
1312,0409
1313,0409
1314,0409
1315,0409
1316,0409
1317,0409
1318,0409
1319,0410
1320,0411
1321,0413
1322,0413
1323,0413
1324,0414
1325,0414
1326,0414
1327,0414
1328,0415
1329,0415
1330,0415
1331,0415
1332,0415
1333,0415
1334,0416
1335,0416
1336,0416
1337,0417
1338,0417
1339,0418
1340,0418
1341,0418
1342,0418
1343,0418
1344,0418
1345,0419
1346,0419
1347,0420
1348,0420
1349,0420
1350,0420
1351,0420
1352,0420
1353,0421
1354,0421
1355,0421
1356,0422
1357,0422
1358,0422
1359,0423
1360,0423
1361,0423
1362,0423
1363,0423
1364,0424
1365,0424
1366,0424
1367,0424
1368,0425
1369,0425
1370,0425
1371,0426
1372,0427
1373,0427
1374,0428
1375,0428
1376,0428
1377,0429
1378,0429
1379,0429
1380,0430
1381,0431
1382,0431
1383,0431
1384,0432
1385,0432
1386,0432
1387,0433
1388,0433
1389,0434
1390,0435
1391,0435
1392,0435
1393,0435
1394,0435
1395,0436
1396,0436
1397,0436
1398,0436
1399,0436
1400,0437
1401,0437
1402,0437
1403,0437
1404,0437
1405,0437
1406,0437
1407,0437
1408,0438
1409,0438
1410,0438
1411,0438
1412,0438
1413,0438
1414,0438
1415,0438
1416,0439
1417,0439
1418,0440
1419,0440
1420,0440
1421,0440
1422,0440
1423,0440
1424,0441
1425,0441
1426,0441
1427,0441
1428,0441
1429,0442
1430,0442
1431,0443
1432,0443
1433,0443
1434,0443
1435,0443
1436,0444
1437,0444
1438,0444
1439,0444
1440,0444
1441,0444
1442,0445
1443,0445
1444,0445
1445,0445
1446,0445
1447,0445
1448,0446
1449,0446
1450,0446
1451,0446
1452,0446
1453,0446
1454,0446
1455,0446
1456,0447
1457,0447
1458,0447
1459,0447
1460,0447
1461,0447
1462,0447
1463,0448
1464,0448
1465,0448
1466,0448
1467,0448
1468,0448
1469,0449
1470,0449
1471,0449
1472,0449
1473,0449
1474,0449
1475,0449
1476,0450
1477,0451
1478,0451
1479,0451
1480,0452
1481,0452
1482,0452
1483,0453
1484,0453
1485,0454
1486,0454
1487,0454
1488,0454
1489,0454
1490,0455
1491,0455
1492,0455
1493,0455
1494,0455
1495,0455
1496,0456
1497,0456
1498,0457
1499,0457
1500,0457
1501,0457
1502,0457
1503,0457
1504,0457
1505,0458
1506,0458
1507,0458
1508,0459
1509,0459
1510,0459
1511,0460
1512,0460
1513,0460
1514,0460
1515,0460
1516,0461
1517,0461
1518,0461
1519,0461
1520,0462
1521,0462
1522,0462
1523,0463
1524,0464
1525,0464
1526,0464
1527,0464
1528,0464
1529,0464
1530,0464
1531,0464
1532,0464
1533,0464
1534,0464
1535,0464
1536,0465
1537,0465
1538,0465
1539,0466
1540,0466
1541,0467
1542,0467
1543,0468
1544,0468
1545,0468
1546,0468
1547,0468
1548,0468
1549,0469
1550,0469
1551,0469
1552,0469
1553,0469
1554,0469
1555,0469
1556,0470
1557,0470
1558,0470
1559,0470
1560,0470
1561,0470
1562,0470
1563,0471
1564,0471
1565,0471
1566,0472
1567,0473
1568,0473
1569,0473
1570,0473
1571,0474
1572,0474
1573,0475
1574,0476
1575,0476
1576,0476
1577,0476
1578,0477
1579,0477
1580,0478
1581,0478
1582,0478
1583,0479
1584,0479
1585,0479
1586,0479
1587,0480
1588,0480
1589,0480
1590,0480
1591,0481
1592,0481
1593,0481
1594,0481
1595,0482
1596,0482
1597,0483
1598,0483
1599,0484
1600,0484
1601,0484
1602,0485
1603,0485
1604,0485
1605,0486
1606,0486
1607,0486
1608,0486
1609,0486
1610,0487
1611,0487
1612,0487
1613,0487
1614,0487
1615,0488
1616,0489
1617,0489
1618,0489
1619,0489
1620,0489
1621,0489
1622,0489
1623,0489
1624,0489
1625,0490
1626,0491
1627,0492
1628,0492
1629,0492
1630,0492
1631,0492
1632,0492
1633,0493
1634,0493
1635,0493
1636,0493
1637,0493
1638,0493
1639,0494
1640,0494
1641,0495
1642,0495
1643,0495
1644,0495
1645,0495
1646,0496
1647,0496
1648,0497
1649,0497
1650,0498
1651,0498
1652,0499
1653,0499
1654,0499
1655,0499
1656,0500
1657,0500
1658,0501
1659,0501
1660,0501
1661,0501
1662,0501
1663,0502
1664,0502
1665,0503
1666,0503
1667,0504
1668,0504
1669,0504
1670,0504
1671,0504
1672,0504
1673,0505
1674,0505
1675,0505
1676,0505
1677,0505
1678,0505
1679,0505
1680,0505
1681,0506
1682,0506
1683,0506
1684,0506
1685,0506
1686,0507
1687,0507
1688,0507
1689,0507
1690,0508
1691,0508
1692,0508
1693,0508
1694,0508
1695,0509
1696,0509
1697,0509
1698,0510
1699,0510
1700,0510
1701,0510
1702,0510
1703,0510
1704,0511
1705,0511
1706,0511
1707,0511
1708,0511
1709,0512
1710,0512
1711,0512
1712,0512
1713,0513
1714,0513
1715,0513
1716,0514
1717,0514
1718,0514
1719,0514
1720,0515
1721,0515
1722,0515
1723,0515
1724,0515
1725,0515
1726,0516
1727,0516
1728,0516
1729,0516
1730,0516
1731,0516
1732,0517
1733,0517
1734,0517
1735,0517
1736,0517
1737,0517
1738,0518
1739,0518
1740,0518
1741,0518
1742,0519
1743,0519
1744,0519
1745,0519
1746,0520
1747,0520
1748,0520
1749,0520
1750,0521
1751,0521
1752,0522
1753,0522
1754,0522
1755,0522
1756,0522
1757,0522
1758,0522
1759,0523
1760,0523
1761,0523
1762,0523
1763,0523
1764,0523
1765,0523
1766,0524
1767,0525
1768,0526
1769,0526
1770,0527
1771,0527
1772,0528
1773,0528
1774,0529
1775,0530
1776,0530
1777,0530
1778,0530
1779,0531
1780,0532
1781,0532
1782,0532
1783,0533
1784,0533
1785,0534
1786,0534
1787,0534
1788,0534
1789,0534
1790,0535
1791,0535
1792,0535
1793,0535
1794,0535
1795,0536
1796,0536
1797,0537
1798,0537
1799,0537
1800,0537
1801,0537
1802,0537
1803,0537
1804,0538
1805,0538
1806,0538
1807,0538
1808,0538
1809,0539
1810,0539
1811,0539
1812,0539
1813,0539
1814,0539
1815,0540
1816,0540
1817,0540
1818,0540
1819,0540
1820,0541
1821,0541
1822,0541
1823,0541
1824,0541
1825,0541
1826,0542
1827,0542
1828,0542
1829,0542
1830,0542
1831,0543
1832,0543
1833,0543
1834,0543
1835,0543
1836,0543
1837,0544
1838,0544
1839,0544
1840,0544
1841,0544
1842,0544
1843,0544
1844,0545
1845,0545
1846,0545
1847,0545
1848,0545
1849,0546
1850,0546
1851,0546
1852,0546
1853,0546
1854,0546
1855,0547
1856,0547
1857,0547
1858,0547
1859,0547
1860,0548
1861,0548
1862,0548
1863,0548
1864,0549
1865,0549
1866,0549
1867,0549
1868,0549
1869,0549
1870,0549
1871,0550
1872,0550
1873,0550
1874,0550
1875,0550
1876,0550
1877,0550
1878,0550
1879,0550
1880,0550
1881,0550
1882,0550
1883,0551
1884,0551
1885,0551
1886,0552
1887,0553
1888,0554
1889,0554
1890,0554
1891,0555
1892,0555
1893,0555
1894,0555
1895,0556
1896,0556
1897,0556
1898,0557
1899,0557
1900,0558
1901,0558
1902,0558
1903,0559
1904,0559
1905,0559
1906,0559
1907,0559
1908,0560
1909,0560
1910,0561
1911,0561
1912,0562
1913,0562
1914,0562
1915,0562
1916,0562
1917,0563
1918,0563
1919,0564
1920,0564
1921,0565
1922,0565
1923,0565
1924,0566
1925,0566
1926,0566
1927,0566
1928,0567
1929,0567
1930,0567
1931,0568
1932,0568
1933,0568
1934,0568
1935,0568
1936,0569
1937,0569
1938,0569
1939,0569
1940,0569
1941,0570
1942,0570
1943,0570
1944,0570
1945,0571
1946,0571
1947,0572
1948,0572
1949,0573
1950,0573
1951,0573
1952,0573
1953,0574
1954,0574
1955,0574
1956,0574
1957,0574
1958,0575
1959,0575
1960,0575
1961,0575
1962,0575
1963,0575
1964,0575
1965,0576
1966,0576
1967,0576
1968,0576
1969,0577
1970,0577
1971,0577
1972,0577
1973,0578
1974,0578
1975,0579
1976,0579
1977,0579
1978,0580
1979,0580
1980,0580
1981,0581
1982,0581
1983,0581
1984,0582
1985,0582
1986,0583
1987,0583
1988,0583
1989,0583
1990,0584
1991,0584
1992,0584
1993,0584
1994,0584
1995,0585
1996,0585
1997,0585
1998,0585
1999,0585
2000,0585
2001,0586
2002,0586
2003,0586
2004,0586
2005,0587
2006,0587
2007,0587
2008,0587
2009,0587
2010,0587
2011,0588
2012,0588
2013,0588
2014,0588
2015,0588
2016,0589
2017,0589
2018,0589
2019,0589
2020,0589
2021,0590
2022,0590
2023,0590
2024,0590
2025,0591
2026,0591
2027,0591
2028,0591
2029,0591
2030,0591
2031,0591
2032,0592
2033,0593
2034,0593
2035,0594
2036,0594
2037,0594
2038,0594
2039,0594
2040,0595
2041,0595
2042,0595
2043,0595
2044,0596
2045,0596
2046,0596
2047,0596
2048,0597
2049,0597
2050,0597
2051,0597
2052,0597
2053,0598
2054,0598
2055,0598
2056,0598
2057,0598
2058,0598
2059,0598
2060,0599
2061,0599
2062,0600
2063,0600
2064,0600
2065,0600
2066,0600
2067,0600
2068,0601
2069,0601
2070,0601
2071,0602
2072,0602
2073,0602
2074,0602
2075,0602
2076,0603
2077,0604
2078,0604
2079,0605
2080,0605
2081,0606
2082,0606
2083,0606
2084,0607
2085,0607
2086,0607
2087,0608
2088,0608
2089,0608
2090,0609
2091,0609
2092,0609
2093,0610
2094,0610
2095,0610
2096,0611
2097,0611
2098,0611
2099,0611
2100,0611
2101,0611
2102,0612
2103,0612
2104,0612
2105,0612
2106,0612
2107,0612
2108,0612
2109,0613
2110,0613
2111,0613
2112,0613
2113,0614
2114,0614
2115,0614
2116,0615
2117,0615
2118,0616
2119,0616
2120,0616
2121,0616
2122,0616
2123,0617
2124,0617
2125,0617
2126,0618
2127,0618
2128,0618
2129,0618
2130,0619
2131,0619
2132,0619
2133,0619
2134,0619
2135,0620
2136,0620
2137,0620
2138,0620
2139,0620
2140,0621
2141,0621
2142,0621
2143,0622
2144,0622
2145,0622
2146,0623
2147,0623
2148,0624
2149,0625
2150,0625
2151,0625
2152,0625
2153,0626
2154,0626
2155,0626
2156,0627
2157,0627
2158,0627
2159,0627
2160,0628
2161,0628
2162,0628
2163,0628
2164,0628
2165,0629
2166,0629
2167,0629
2168,0630
2169,0630
2170,0630
2171,0630
2172,0630
2173,0631
2174,0631
2175,0632
2176,0634
2177,0636
2178,0639
2179,0639
2180,0639
2181,0639
2182,0640
2183,0640
2184,0640
2185,0641
2186,0641
2187,0642
2188,0642
2189,0642
2190,0642
2191,0643
2192,0644
2193,0644
2194,0645
2195,0645
2196,0645
2197,0646
2198,0647
2199,0648
2200,0648
2201,0648
2202,0649
2203,0650
2204,0650
2205,0650
2206,0650
2207,0651
2208,0652
2209,0652
2210,0652
2211,0653
2212,0653
2213,0653
2214,0653
2215,0653
2216,0654
2217,0654
2218,0654
2219,0655
2220,0655
2221,0655
2222,0656
2223,0656
2224,0656
2225,0656
2226,0656
2227,0657
2228,0657
2229,0657
2230,0658
2231,0658
2232,0658
2233,0659
2234,0659
2235,0659
2236,0659
2237,0660
2238,0660
2239,0660
2240,0661
2241,0661
2242,0661
2243,0662
2244,0662
2245,0662
2246,0663
2247,0663
2248,0663
2249,0664
2250,0664
2251,0664
2252,0664
2253,0665
2254,0666
2255,0667
2256,0667
2257,0667
2258,0668
2259,0669
2260,0669
2261,0669
2262,0669
2263,0670
2264,0671
2265,0671
2266,0672
2267,0672
2268,0673
