352,0001
353,0001
354,0002
355,0012
356,0012
357,0012
358,0022
359,0022
360,0022
361,0030
362,0030
363,0030
364,0040
365,0040
366,0040
367,0046
368,0046
369,0046
370,0051
371,0051
372,0051
373,0072
374,0072
374,0072
376,0080
377,0080
378,0080
379,0088
380,0088
380,0088
382,0094
383,0094
384,0094
385,0099
386,0099
387,0099
388,0108
389,0108
390,0108
391,0115
392,0115
393,0115
394,0123
395,0123
360,0123
397,0128
398,0128
399,0128
400,0135
401,0135
402,0135
403,0142
404,0142
405,0142
406,0147
407,0147
408,0147
409,0156
410,0156
411,0156
412,0162
413,0162
414,0162
415,0167
416,0167
417,0167
418,0174
419,0174
420,0174
421,0179
422,0179
423,0179
424,0185
425,0185
426,0185
427,0188
428,0188
429,0188
430,0215
431,0215
432,0215
433,0221
434,0221
435,0221
436,0226
437,0226
438,0226
439,0234
440,0234
441,0234
442,0238
443,0238
444,0238
445,0254
446,0254
447,0254
448,0261
449,0261
450,0261
451,0273
452,0273
453,0273
454,0284
455,0284
456,0284
457,0292
458,0292
459,0292
460,0297
461,0297
462,0297
463,0304
464,0304
465,0304
466,0310
467,0310
468,0310
469,0316
470,0316
471,0316
472,0321
473,0321
474,0321
475,0326
476,0326
477,0326
478,0333
479,0333
480,0333
481,0337
482,0337
483,0337
484,0341
485,0341
486,0341
487,0344
488,0344
489,0344
490,0349
491,0349
492,0349
493,0353
494,0353
495,0353
496,0358
497,0358
498,0358
499,0364
500,0364
501,0364
502,0369
503,0369
504,0369
505,0370
506,0383
507,0383
508,0383
509,0383
510,0393
511,0393
512,0393
513,0394
514,0400
515,0400
516,0400
517,0400
518,0406
519,0406
520,0406
521,0406
522,0412
523,0412
524,0412
525,0412
526,0419
527,0419
528,0419
529,0420
530,0426
531,0426
532,0426
533,0426
524,0430
535,0430
536,0430
537,0430
538,0437
539,0437
540,0437
541,0437
542,0444
543,0444
544,0444
545,0444
456,0450
547,0450
548,0450
549,0450
550,0457
551,0457
552,0457
553,0457
554,0465
555,0465
556,0465
557,0465
558,0475
559,0475
560,0475
561,0475
562,0481
563,0481
564,0481
565,0482
566,0490
567,0490
568,0490
569,0490
570,0496
571,0496
572,0496
573,0496
570,0506
575,0506
576,0506
577,0506
578,0512
579,0512
580,0512
581,0512
582,0522
583,0522
584,0522
585,0522
586,0530
587,0530
588,0530
589,0530
590,0538
591,0538
592,0538
593,0538
594,0545
595,0545
596,0545
597,0545
598,0550
599,0550
600,0550
601,0550
602,0555
603,0555
604,0555
605,0555
606,0563
607,0563
608,0563
609,0563
610,0568
611,0568
612,0568
613,0568
614,0577
615,0577
616,0577
617,0577
618,0583
619,0583
620,0583
621,0583
622,0588
623,0588
624,0588
625,0588
626,0593
627,0593
628,0593
629,0593
630,0599
631,0599
632,0599
633,0600
634,0606
635,0606
636,0606
637,0606
638,0612
639,0612
640,0612
641,0612
642,0618
643,0618
644,0618
645,0618
686,0626
647,0626
648,0626
649,0626
650,0632
651,0632
652,0632
653,0632
654,0641
655,0641
656,0641
657,0641
658,0647
659,0647
660,0647
661,0648
662,0655
663,0655
664,0655
665,0656
666,0657
667,0657
668,0657
669,0657
670,0661
671,0661
672,0661
673,0662
674,0668
675,0668
676,0668
677,0668
678,0674
679,0674
680,0674
681,0674
682,0679
683,0679
684,0679
685,0679
686,0688
687,0688
688,0688
689,0688
690,0693
691,0693
692,0693
693,0693
694,0698
695,0698
696,0698
697,0698
698,0705
699,0705
700,0705
701,0705
702,0707
703,0707
704,0708
705,0708
706,0708
707,0713
708,0713
709,0713
710,0714
711,0714
712,0720
713,0720
714,0720
715,0720
716,0721
717,0730
718,0730
719,0731
720,0731
721,0731
722,0743
723,0743
724,0743
725,0743
726,0744
727,0750
728,0750
729,0750
730,0750
731,0751
732,0757
733,0757
734,0757
735,0757
736,0758
737,0765
738,0765
739,0765
740,0766
741,0766
742,0766
743,0775
744,0775
745,0775
746,0775
747,0775
748,0785
749,0785
750,0785
751,0785
752,0786
753,0793
754,0793
755,0793
756,0793
757,0793
758,0800
759,0800
760,0800
761,0800
762,0800
763,0807
764,0807
765,0807
766,0808
767,0808
768,0812
769,0812
770,0812
771,0812
772,0812
773,0814
774,0814
775,0814
776,0814
777,0815
778,0820
779,0820
780,0820
781,0820
782,0821
783,0826
784,0826
785,0826
786,0826
787,0826
788,0830
789,0830
790,0830
791,0830
792,0831
793,0836
794,0836
775,0836
796,0836
797,0837
798,0841
799,0841
800,0841
801,0841
802,0842
803,0848
804,0848
805,0848
806,0848
807,0849
808,0854
809,0854
810,0854
811,0854
812,0855
813,0861
814,0861
815,0861
816,0861
817,0862
818,0870
819,0870
820,0870
821,0870
822,0871
823,0871
824,0871
825,0880
826,0880
827,0880
828,0880
829,0880
830,0881
