394,0001
395,0001
396,0001
397,0002
398,0002
399,0002
400,0002
401,0003
402,0004
403,0004
404,0004
405,0005
406,0005
407,0005
408,0005
409,0007
410,0007
411,0007
412,0007
413,0007
414,0008
415,0008
416,0008
417,0009
418,0009
419,0010
420,0010
421,0010
422,0010
423,0011
424,0011
425,0011
426,0011
427,0011
428,0011
429,0012
430,0012
431,0012
432,0012
433,0012
434,0012
435,0012
436,0013
437,0014
438,0014
439,0015
440,0015
441,0016
442,0075
443,0075
444,0075
445,0075
446,0075
447,0076
448,0076
449,0076
450,0077
451,0077
452,0078
453,0078
454,0085
455,0085
456,0085
457,0085
458,0086
459,0086
460,0086
461,0086
462,0086
463,0087
464,0087
465,0087
466,0087
467,0088
468,0088
469,0088
470,0088
471,0089
472,0089
473,0090
474,0090
475,0090
476,0090
477,0090
478,0091
479,0091
480,0092
481,0092
482,0155
483,0155
484,0155
485,0156
486,0156
487,0156
488,0157
489,0157
490,0158
491,0158
492,0158
493,0159
494,0159
495,0159
496,0160
497,0160
498,0160
499,0160
500,0161
501,0161
502,0161
503,0161
504,0161
505,0162
506,0162
507,0162
508,0162
509,0162
510,0163
511,0163
512,0163
513,0163
514,0163
515,0164
516,0164
517,0165
518,0165
519,0166
520,0166
521,0166
522,0166
523,0167
524,0167
525,0213
526,0214
527,0215
528,0215
529,0215
530,0215
531,0216
532,0216
533,0217
534,0217
535,0217
536,0217
537,0217
538,0218
539,0218
540,0218
541,0218
542,0218
543,0219
544,0219
545,0219
546,0219
547,0220
548,0220
549,0220
550,0220
551,0221
552,0221
553,0221
554,0222
555,0222
556,0222
557,0222
558,0223
559,0223
560,0223
561,0224
562,0224
563,0224
564,0225
565,0225
566,0225
567,0226
568,0226
569,0226
570,0227
571,0227
572,0227
573,0228
574,0228
575,0229
576,0229
577,0229
578,0230
579,0230
580,0231
581,0231
582,0232
583,0232
584,0233
585,0233
586,0233
587,0234
588,0234
589,0235
590,0235
591,0235
592,0235
593,0236
594,0236
595,0237
596,0237
597,0238
598,0238
599,0238
600,0303
601,0304
602,0304
603,0304
604,0304
605,0305
606,0305
607,0305
608,0305
609,0306
610,0306
611,0307
612,0307
613,0307
614,0308
615,0308
616,0308
617,0308
618,0308
619,0309
620,0309
621,0309
622,0309
623,0309
624,0310
625,0310
626,0310
626,0310
628,0311
629,0311
630,0311
631,0311
632,0311
633,0312
634,0312
635,0313
636,0313
637,0313
638,0314
639,0314
650,0314
651,0314
652,0314
653,0314
654,0314
655,0314
656,0315
647,0315
648,0316
649,0316
650,0316
651,0316
652,0317
653,0317
654,0317
655,0317
656,0318
657,0318
658,0318
659,0318
660,0320
661,0320
662,0320
663,0320
664,0321
665,0321
666,0322
667,0323
668,0323
669,0323
670,0324
671,0324
672,0325
673,0325
674,0325
675,0325
676,0326
677,0326
678,0326
679,0326
680,0326
681,0326
682,0326
683,0327
684,0327
685,0327
686,0327
