2,0006
3,0010
4,0014
5,0018
6,0019
7,0020
8,0022
9,0023
10,0026
11,0027
12,0029
13,0031
14,0033
15,0034
16,0036
17,0037
18,0040
19,0041
20,0043
21,0045
22,0047
23,0054
24,0054
25,0056
26,0057
27,0061
28,0065
29,0066
30,0067
31,0071
32,0080
33,0080
34,0080
35,0080
36,0081
37,0082
38,0082
39,0082
40,0083
41,0083
42,0086
43,0086
44,0086
45,0087
46,0087
47,0088
48,0088
49,0088
50,0089
51,0089
52,0089
53,0090
54,0090
55,0091
56,0091
57,0091
58,0092
59,0092
60,0092
61,0093
62,0094
63,0095
64,0096
65,0097
66,0098
67,0100
68,0100
69,0100
70,0100
71,0101
72,0102
73,0102
74,0102
75,0103
76,0103
77,0106
78,0106
79,0106
80,0106
81,0107
82,0107
83,0108
84,0108
85,0108
86,0109
87,0109
88,0109
89,0110
90,0110
91,0110
92,0110
93,0111
94,0111
95,0111
96,0112
97,0113
98,0113
99,0113
100,0114
101,0114
102,0115
103,0115
104,0115
105,0116
106,0116
107,0116
108,0117
109,0117
110,0117
111,0118
112,0118
113,0118
114,0119
115,0119
116,0119
117,0121
118,0122
119,0123
120,0125
121,0126
122,0126
123,0128
124,0129
125,0130
126,0131
127,0132
128,0133
129,0134
130,0135
131,0136
132,0137
133,0138
134,0139
135,0140
136,0141
137,0142
138,0143
139,0143
140,0144
141,0146
142,0146
143,0147
144,0148
145,0148
146,0150
147,0151
148,0152
149,0153
150,0154
151,0154
152,0155
153,0157
154,0158
155,0159
156,0159
157,0160
158,0161
159,0163
160,0164
161,0164
162,0165
163,0166
164,0167
165,0169
166,0169
167,0170
168,0171
169,0171
170,0172
171,0174
172,0175
173,0176
174,0177
175,0178
176,0178
177,0180
178,0180
179,0181
180,0183
181,0183
182,0184
183,0186
184,0187
185,0188
186,0189
187,0190
188,0190
189,0192
190,0193
191,0194
192,0195
193,0195
194,0196
195,0198
196,0198
197,0199
198,0200
199,0201
200,0202
201,0203
202,0204
203,0204
204,0205
205,0207
206,0208
207,0208
208,0209
209,0210
210,0211
211,0211
212,0212
213,0213
214,0214
215,0215
216,0215
217,0216
218,0216
219,0217
220,0219
221,0220
222,0220
223,0221
224,0222
225,0223
226,0224
227,0225
228,0226
229,0226
230,0227
231,0228
232,0230
233,0230
234,0231
235,0232
236,0233
237,0234
238,0234
239,0235
240,0236
241,0237
242,0238
243,0239
244,0239
245,0240
246,0241
247,0242
248,0243
249,0244
250,0244
251,0245
252,0247
253,0248
254,0249
255,0250
256,0250
257,0251
258,0253
259,0254
260,0255
261,0255
262,0256
263,0258
264,0259
265,0260
266,0260
267,0261
268,0263
269,0263
270,0264
271,0265
272,0266
273,0286
274,0288
275,0290
276,0292
277,0294
278,0296
279,0302
280,0303
281,0305
282,0307
283,0309
284,0311
285,0313
286,0315
287,0317
288,0319
289,0323
290,0327
291,0329
292,0331
293,0332
294,0334
295,0336
296,0338
297,0339
298,0339
299,0340
300,0341
301,0341
302,0342
303,0343
304,0343
305,0344
306,0345
307,0346
308,0347
309,0347
310,0348
301,0349
302,0349
313,0350
314,0351
305,0351
316,0352
317,0353
318,0354
319,0356
320,0357
321,0358
322,0358
323,0359
324,0360
325,0360
326,0361
327,0362
328,0363
329,0364
330,0365
331,0365
332,0366
333,0366
334,0367
335,0368
336,0368
337,0369
338,0370
339,0370
340,0371
341,0371
382,0372
343,0374
344,0374
345,0375
346,0376
347,0376
348,0377
349,0378
350,0378
351,0379
352,0380
353,0380
354,0381
355,0382
356,0383
357,0384
358,0385
359,0385
360,0386
361,0387
362,0387
363,0388
364,0389
365,0389
366,0390
367,0391
368,0392
369,0392
370,0393
371,0394
372,0395
373,0395
374,0396
375,0397
376,0397
377,0398
378,0399
379,0400
380,0400
381,0401
382,0401
383,0402
384,0403
385,0403
386,0404
387,0405
388,0406
389,0407
390,0407
391,0409
392,0409
393,0410
394,0411
395,0411
396,0412
397,0413
398,0414
399,0414
400,0415
401,0415
402,0416
403,0417
404,0417
405,0418
406,0419
407,0420
408,0421
409,0422
410,0422
411,0424
412,0424
413,0425
414,0426
415,0427
416,0428
417,0428
418,0429
419,0430
420,0431
421,0432
422,0433
423,0434
424,0434
425,0435
426,0436
427,0437
428,0439
429,0439
430,0440
431,0441
432,0441
433,0442
434,0443
435,0444
436,0445
437,0446
438,0447
439,0448
440,0449
441,0450
442,0451
443,0453
444,0454
445,0455
446,0456
447,0457
448,0458
449,0459
450,0459
451,0460
452,0461
453,0462
454,0463
455,0464
456,0465
457,0466
458,0467
459,0468
460,0469
461,0470
462,0471
463,0472
464,0473
465,0474
466,0475
467,0476
468,0477
469,0478
470,0479
471,0480
472,0481
473,0483
474,0484
475,0485
476,0485
477,0486
478,0487
479,0488
480,0490
481,0491
482,0492
483,0493
484,0494
485,0495
486,0496
487,0497
488,0498
489,0498
490,0499
491,0500
492,0500
493,0501
494,0502
495,0503
496,0504
497,0504
498,0505
499,0506
500,0507
501,0508
502,0509
503,0510
504,0511
505,0512
506,0514
507,0514
508,0515
509,0516
510,0516
511,0517
512,0518
513,0519
514,0520
515,0521
516,0522
517,0523
518,0524
519,0525
520,0526
521,0528
522,0529
523,0530
524,0530
525,0531
526,0532
527,0532
528,0533
529,0534
530,0535
531,0536
532,0537
533,0537
534,0538
535,0539
536,0540
537,0540
538,0541
539,0542
540,0542
541,0543
542,0544
543,0545
544,0546
545,0547
546,0547
547,0548
548,0549
549,0549
550,0550
551,0551
552,0551
553,0552
554,0553
555,0554
556,0555
557,0555
558,0556
559,0558
560,0559
561,0561
562,0562
563,0562
564,0563
565,0564
566,0564
567,0565
568,0566
569,0567
570,0568
571,0568
572,0569
573,0569
574,0570
575,0571
576,0571
577,0572
578,0573
579,0574
580,0575
581,0575
582,0577
583,0578
584,0579
585,0580
586,0581
587,0582
588,0582
589,0583
590,0584
591,0585
592,0586
593,0587
594,0588
595,0589
596,0589
597,0590
598,0591
599,0593
600,0593
601,0594
602,0595
603,0595
604,0596
605,0597
606,0598
607,0599
608,0600
609,0601
610,0602
611,0603
612,0604
613,0605
614,0606
615,0607
616,0607
617,0608
618,0609
619,0610
620,0610
621,0611
622,0612
623,0613
624,0614
625,0614
626,0615
627,0616
628,0617
629,0617
630,0618
631,0619
632,0620
633,0622
634,0623
635,0624
636,0625
637,0626
638,0627
639,0628
640,0629
641,0629
642,0630
643,0631
644,0632
645,0633
646,0634
647,0635
648,0636
649,0637
650,0638
651,0639
652,0640
653,0641
654,0641
655,0642
656,0643
657,0643
658,0644
659,0645
660,0645
661,0646
662,0647
663,0648
664,0648
665,0649
666,0650
667,0651
668,0652
669,0653
670,0654
671,0655
672,0657
673,0657
674,0658
675,0659
676,0659
677,0660
678,0661
679,0662
680,0663
681,0664
682,0665
683,0666
684,0667
685,0668
686,0669
687,0671
688,0671
689,0672
690,0673
691,0673
692,0674
693,0675
694,0676
695,0677
696,0678
697,0679
698,0680
699,0681
700,0682
701,0683
702,0684
703,0685
704,0686
705,0686
706,0687
707,0688
708,0689
709,0690
710,0690
711,0691
712,0692
713,0693
714,0694
715,0695
716,0695
717,0696
718,0697
719,0697
720,0698
721,0699
722,0700
723,0700
724,0701
725,0702
726,0704
727,0705
728,0706
729,0706
730,0707
731,0708
732,0709
733,0709
734,0710
735,0711
736,0711
737,0713
738,0713
739,0714
740,0715
741,0715
742,0716
743,0717
744,0718
745,0719
746,0720
747,0722
748,0723
749,0724
750,0724
751,0725
752,0726
753,0727
754,0728
755,0729
756,0729
757,0730
758,0731
759,0732
760,0732
761,0733
762,0734
763,0735
764,0736
765,0737
766,0737
767,0739
768,0740
769,0741
770,0741
771,0742
772,0743
773,0744
774,0744
775,0745
776,0746
777,0747
778,0748
779,0748
780,0749
781,0750
782,0751
783,0752
784,0753
785,0754
786,0754
787,0756
788,0758
789,0760
790,0762
791,0764
792,0766
793,0768
794,0780
795,0781
796,0782
797,0783
798,0784
799,0785
800,0787
801,0788
802,0789
803,0790
804,0794
805,0798
806,0799
807,0800
808,0802
809,0804
810,0805
811,0807
812,0808
813,0808
814,0809
815,0810
816,0811
817,0813
818,0814
819,0815
820,0817
821,0819
822,0820
823,0821
824,0823
825,0825
826,0827
827,0829
828,0834
829,0840
830,0842
831,0844
832,0848
833,0852
834,0853
835,0854
836,0854
837,0855
838,0856
839,0857
840,0858
841,0859
842,0860
843,0861
844,0862
845,0862
846,0863
847,0864
848,0865
849,0867
850,0867
851,0868
852,0869
853,0870
854,0871
855,0872
856,0873
857,0873
858,0874
859,0875
860,0875
861,0876
862,0877
863,0879
864,0880
865,0881
866,0882
867,0882
868,0883
869,0884
870,0886
871,0887
872,0888
873,0889
874,0889
875,0890
876,0891
877,0893
878,0894
879,0895
880,0896
881,0896
882,0897
883,0899
884,0900
885,0900
886,0902
887,0903
888,0904
889,0905
890,0906
891,0909
892,0910
893,0911
894,0913
895,0913
896,0914
897,0916
898,0918
899,0919
900,0921
901,0922
902,0923
903,0924
904,0926
905,0928
906,0929
907,0929
908,0930
909,0931
910,0932
911,0933
912,0935
913,0935
914,0936
915,0937
916,0937
917,0938
918,0938
919,0940
920,0941
921,0942
922,0942
923,0943
924,0944
925,0945
926,0946
927,0947
928,0947
929,0948
930,0949
931,0950
932,0951
933,0952
934,0952
935,0954
936,0955
937,0956
938,0957
939,0957
940,0958
941,0959
942,0961
943,0962
944,0963
945,0964
946,0964
947,0965
948,0966
949,0968
950,0968
951,0969
952,0971
953,0971
954,0972
955,0974
956,0976
957,0977
958,0978
959,0980
960,0980
961,0981
962,0983
963,0985
964,0986
965,0988
966,0989
967,0990
968,0991
969,0993
970,0995
971,0995
972,0996
973,0997
974,0998
975,0999
976,1000
977,1002
978,1002
979,1003
980,1004
981,1004
982,1005
983,1005
984,1007
985,1011
986,1012
987,1013
988,1014
989,1015
990,1016
991,1017
992,1017
993,1018
994,1019
995,1020
996,1021
997,1022
998,1022
999,1024
1000,1024
1001,1026
1002,1027
1003,1028
1004,1029
1005,1031
1006,1031
1007,1032
1008,1034
1009,1036
1010,1037
1011,1039
1012,1040
1013,1041
1014,1042
1015,1044
1016,1046
1017,1047
1018,1049
1019,1051
1020,1053
1021,1055
1022,1057
1023,1063
1024,1063
1025,1065
1026,1066
1027,1067
1028,1068
1029,1069
1030,1070
1031,1071
1032,1072
1033,1074
1034,1076
1035,1077
1036,1079
1037,1080
1038,1081
1039,1082
1040,1082
1041,1083
1042,1084
1043,1085
1044,1086
1045,1087
1046,1088
1047,1089
1048,1089
1049,1090
1050,1092
1051,1093
1052,1094
1053,1095
1054,1095
1055,1097
1056,1098
1057,1099
1058,1100
1059,1100
1060,1102
1061,1103
1062,1103
1063,1104
1064,1105
1065,1106
1066,1107
1067,1108
1068,1109
1069,1110
1070,1111
1071,1111
1072,1112
1073,1113
1074,1115
1075,1116
1076,1117
1077,1118
1078,1118
1079,1119
1080,1120
1081,1122
1082,1122
1083,1123
1084,1124
1085,1124
1086,1126
1087,1127
1088,1128
1089,1129
1090,1129
1091,1131
1092,1131
1093,1132
1094,1133
1095,1135
1096,1136
1097,1136
1098,1138
1099,1138
1100,1140
1101,1141
1102,1143
1103,1144
1104,1144
1105,1145
1106,1146
1107,1147
1108,1148
1109,1149
1110,1149
1111,1150
1112,1151
1113,1151
1114,1153
1115,1154
1116,1156
1117,1157
1118,1158
1119,1159
1120,1159
1121,1161
1122,1162
1123,1163
1124,1164
1125,1164
1126,1166
1127,1167
1128,1168
1129,1169
1130,1170
1131,1170
1132,1171
1133,1172
1134,1174
1135,1175
1136,1176
1137,1177
1138,1177
1139,1179
1140,1180
1141,1181
1142,1182
1143,1183
1144,1184
1145,1184
1146,1185
1147,1186
1148,1188
1149,1188
1150,1189
1151,1190
1152,1190
1153,1192
1154,1193
1155,1194
1156,1195
1157,1195
1158,1197
1159,1197
1160,1198
1161,1199
1162,1201
1163,1202
1164,1202
1165,1204
1166,1204
1167,1206
1168,1207
1169,1209
1170,1209
1171,1211
1172,1211
1173,1212
1174,1213
1175,1215
1176,1215
1177,1216
1178,1217
1179,1217
1180,1218
1181,1219
1182,1221
1183,1224
1184,1225
1185,1226
1186,1227
1187,1228
1188,1229
1188,1230
1190,1231
1191,1231
1192,1232
1193,1233
1194,1234
1195,1235
1196,1236
1197,1237
1198,1237
1199,1238
1200,1239
1201,1240
1202,1241
1203,1242
1204,1243
1205,1244
1206,1244
1207,1245
1208,1246
1205,1247
1210,1248
1211,1249
1212,1250
1213,1250
1214,1251
1215,1252
1216,1253
1217,1254
1218,1256
1219,1257
1220,1258
