1,0001
2,0002
3,0004
4,0005
5,0005
6,0006
7,0006
8,0006
9,0007
10,0010
11,0010
12,0011
13,0011
14,0012
15,0012
16,0012
17,0013
18,0013
19,0014
20,0014
21,0014
22,0015
23,0015
24,0016
25,0019
26,0020
27,0020
28,0021
29,0021
30,0021
31,0022
32,0022
33,0022
34,0023
35,0023
36,0023
37,0024
38,0024
39,0024
40,0025
41,0025
42,0025
43,0026
44,0026
45,0026
46,0027
47,0027
48,0027
49,0027
50,0028
51,0028
52,0029
53,0029
54,0029
55,0030
56,0030
57,0030
58,0031
59,0031
60,0031
61,0032
62,0032
63,0032
64,0033
65,0033
66,0033
67,0034
68,0034
69,0035
70,0035
71,0035
72,0035
73,0036
74,0036
75,0037
76,0037
77,0037
78,0038
79,0038
80,0038
81,0039
82,0039
83,0039
84,0040
85,0040
86,0040
87,0041
88,0041
89,0041
90,0042
91,0042
92,0042
93,0043
94,0043
95,0043
96,0044
97,0044
98,0044
99,0045
100,0045
101,0045
102,0046
103,0046
104,0046
105,0047
106,0047
107,0047
108,0048
109,0048
110,0049
111,0049
112,0049
113,0050
114,0050
115,0050
116,0051
117,0051
118,0051
119,0052
120,0052
121,0052
122,0053
123,0053
124,0053
125,0054
126,0054
127,0054
128,0055
129,0055
130,0055
131,0056
132,0056
133,0056
134,0057
135,0057
136,0058
137,0058
138,0058
139,0059
140,0059
141,0059
142,0060
143,0060
144,0060
145,0061
146,0061
147,0061
148,0062
149,0062
150,0062
151,0063
152,0063
153,0063
154,0064
155,0064
156,0064
157,0065
158,0065
159,0065
160,0066
161,0066
162,0066
163,0067
164,0067
165,0067
166,0068
167,0068
168,0068
169,0069
170,0069
171,0069
172,0070
173,0070
174,0070
175,0071
176,0071
177,0072
178,0072
179,0072
180,0073
181,0073
182,0073
183,0074
184,0074
185,0074
186,0075
187,0075
188,0076
189,0076
190,0076
191,0077
192,0077
193,0077
194,0078
195,0078
196,0078
197,0079
198,0079
199,0079
200,0080
201,0080
202,0080
203,0081
204,0081
205,0082
206,0082
207,0082
208,0083
209,0083
210,0083
211,0084
212,0084
213,0084
214,0085
215,0085
216,0085
217,0086
218,0086
219,0087
220,0087
221,0087
222,0088
223,0088
224,0088
225,0089
226,0089
227,0089
228,0090
229,0090
230,0090
231,0091
232,0091
233,0092
234,0092
235,0092
236,0093
237,0093
238,0093
239,0094
240,0094
241,0095
242,0095
243,0095
244,0096
245,0096
246,0096
247,0096
248,0097
249,0097
250,0097
251,0097
252,0097
253,0097
254,0097
255,0098
256,0098
257,0098
258,0098
259,0098
260,0098
261,0098
262,0098
263,0098
264,0099
265,0099
266,0099
267,0099
268,0099
269,0099
270,0099
271,0099
272,0099
273,0099
274,0099
275,0100
276,0100
277,0100
278,0100
279,0100
280,0100
281,0100
282,0100
283,0100
284,0100
285,0100
286,0100
287,0101
288,0101
289,0101
290,0101
291,0101
292,0101
293,0101
294,0101
295,0102
296,0102
297,0102
298,0102
299,0102
300,0102
301,0102
302,0102
303,0102
304,0102
305,0103
306,0103
307,0103
308,0103
309,0103
310,0103
311,0103
312,0103
313,0103
314,0103
315,0103
316,0104
317,0104
318,0104
319,0104
320,0104
321,0104
322,0104
323,0104
324,0104
325,0104
326,0104
327,0105
328,0105
329,0105
330,0105
331,0105
332,0105
333,0105
334,0105
335,0105
336,0105
337,0105
338,0106
339,0106
340,0106
341,0106
342,0106
343,0106
344,0106
345,0106
346,0106
347,0106
348,0106
349,0107
350,0107
351,0107
352,0107
353,0107
354,0107
355,0107
356,0107
357,0107
358,0107
359,0108
360,0108
361,0108
362,0108
363,0108
364,0108
365,0108
366,0108
367,0108
368,0108
369,0109
370,0109
371,0109
372,0109
373,0109
374,0109
375,0109
376,0109
377,0109
378,0109
379,0109
380,0109
381,0110
382,0110
383,0110
384,0110
385,0110
386,0111
387,0111
388,0111
389,0111
390,0111
391,0111
392,0112
393,0112
394,0112
395,0112
396,0112
397,0112
398,0112
399,0112
400,0112
401,0112
402,0112
403,0112
404,0113
405,0113
406,0113
407,0113
408,0113
409,0113
410,0113
411,0113
412,0113
413,0113
414,0113
415,0113
416,0113
417,0114
418,0114
419,0114
420,0114
421,0114
422,0114
423,0114
424,0114
425,0114
426,0114
427,0114
428,0114
429,0114
430,0115
431,0115
432,0115
433,0115
434,0115
435,0115
436,0115
437,0115
438,0115
439,0115
440,0115
441,0115
442,0115
443,0115
444,0115
445,0115
446,0115
447,0116
448,0116
449,0116
450,0116
451,0116
452,0116
453,0116
454,0116
455,0116
456,0116
457,0116
458,0116
459,0116
460,0117
461,0117
462,0117
463,0117
464,0118
465,0118
466,0118
467,0119
468,0120
469,0120
470,0122
471,0122
472,0123
473,0123
474,0125
475,0125
476,0126
477,0126
478,0127
479,0127
480,0127
481,0128
482,0128
483,0129
484,0129
485,0130
486,0130
487,0131
488,0131
489,0131
490,0131
491,0132
492,0132
493,0132
494,0132
495,0133
496,0133
497,0133
498,0133
499,0133
500,0133
501,0133
502,0133
503,0133
504,0134
505,0134
506,0134
507,0135
508,0135
509,0136
510,0136
511,0138
512,0138
513,0141
514,0141
515,0142
516,0142
517,0143
518,0143
519,0144
520,0144
521,0145
522,0145
523,0146
524,0146
525,0147
526,0147
527,0147
528,0148
529,0148
530,0149
531,0149
532,0149
533,0150
534,0150
535,0150
536,0151
537,0151
538,0151
539,0152
540,0152
541,0152
542,0153
543,0153
544,0153
545,0154
546,0154
547,0154
548,0155
549,0155
550,0155
551,0156
552,0156
553,0157
554,0157
555,0157
556,0158
557,0158
558,0159
559,0159
560,0159
561,0160
562,0160
563,0160
564,0161
565,0161
566,0162
567,0162
568,0162
569,0163
570,0163
571,0163
572,0164
573,0164
574,0164
575,0165
576,0165
577,0165
578,0166
579,0166
580,0166
581,0167
582,0167
583,0168
584,0168
585,0168
586,0169
587,0169
588,0169
589,0170
590,0170
591,0170
592,0171
593,0171
594,0172
595,0172
596,0172
597,0173
598,0173
599,0173
600,0174
601,0174
602,0174
603,0175
604,0175
605,0175
606,0176
607,0176
608,0176
609,0177
610,0177
611,0178
612,0178
613,0178
614,0179
615,0179
616,0179
617,0180
618,0180
619,0181
620,0181
621,0181
622,0182
623,0182
624,0182
625,0183
626,0183
627,0184
628,0184
629,0184
630,0185
631,0185
632,0185
633,0186
634,0186
635,0186
636,0187
637,0187
638,0187
639,0188
640,0188
641,0189
642,0189
643,0189
644,0190
645,0190
646,0190
647,0191
648,0191
649,0192
650,0192
651,0192
652,0192
653,0193
654,0193
655,0193
656,0193
657,0193
658,0193
659,0194
660,0194
661,0194
662,0194
663,0194
664,0194
665,0194
666,0194
667,0195
668,0195
669,0195
670,0195
671,0195
672,0195
673,0195
674,0195
675,0195
676,0196
677,0196
678,0196
679,0196
680,0196
681,0196
682,0196
683,0196
684,0196
685,0196
686,0196
687,0197
688,0197
689,0197
690,0197
691,0197
692,0197
693,0197
694,0197
695,0197
696,0197
697,0198
698,0198
699,0198
700,0198
701,0198
702,0198
703,0198
704,0198
705,0198
706,0198
707,0198
708,0198
709,0199
710,0199
711,0199
712,0199
713,0199
714,0199
715,0199
716,0199
717,0199
718,0199
719,0199
720,0200
721,0200
722,0200
723,0200
724,0200
725,0200
726,0200
727,0200
728,0200
729,0200
730,0200
731,0201
732,0201
733,0201
734,0201
735,0201
736,0201
737,0201
738,0201
739,0201
740,0201
741,0202
742,0202
743,0202
744,0202
745,0202
746,0202
747,0202
748,0202
749,0202
750,0202
751,0203
752,0203
753,0203
754,0203
755,0203
756,0203
757,0203
758,0203
759,0203
760,0204
761,0204
762,0204
763,0204
764,0204
765,0204
766,0204
767,0204
768,0204
769,0205
770,0205
771,0205
772,0205
773,0205
774,0205
775,0205
776,0205
777,0205
778,0206
779,0206
780,0206
781,0206
782,0206
783,0207
784,0207
785,0207
786,0207
787,0208
788,0208
789,0209
790,0210
791,0211
792,0211
793,0211
794,0212
795,0213
796,0213
797,0214
798,0214
799,0215
800,0215
801,0215
802,0216
803,0216
804,0217
805,0217
806,0217
807,0218
808,0218
809,0218
810,0218
811,0218
812,0219
813,0219
814,0219
815,0219
816,0219
817,0219
818,0220
819,0220
820,0220
821,0221
822,0221
823,0222
824,0222
825,0223
826,0224
827,0225
828,0225
829,0227
830,0228
831,0229
832,0230
833,0231
834,0231
835,0231
836,0232
837,0232
838,0232
839,0233
840,0233
841,0233
842,0233
843,0233
844,0234
845,0234
846,0234
847,0234
848,0234
849,0234
850,0234
851,0235
852,0235
853,0235
854,0235
855,0238
856,0240
857,0241
858,0242
859,0242
860,0242
861,0243
862,0243
863,0243
864,0243
865,0243
866,0244
867,0244
868,0245
869,0245
870,0246
871,0247
872,0248
873,0249
874,0251
875,0251
876,0252
877,0252
878,0254
879,0254
880,0255
881,0255
882,0256
883,0257
884,0257
885,0257
886,0258
887,0259
888,0259
889,0260
890,0260
891,0261
892,0262
893,0263
894,0263
895,0264
896,0265
897,0265
898,0266
899,0266
900,0267
901,0267
902,0268
903,0269
904,0270
905,0273
906,0273
907,0273
908,0274
909,0274
910,0275
911,0275
912,0276
913,0276
914,0277
915,0277
916,0278
917,0279
918,0279
919,0279
920,0279
921,0279
922,0280
923,0280
924,0280
925,0280
926,0280
927,0280
928,0280
929,0281
930,0281
931,0281
932,0281
933,0281
934,0281
935,0281
936,0282
937,0282
938,0282
939,0282
940,0282
941,0283
942,0283
943,0284
944,0285
945,0285
946,0286
947,0286
948,0287
949,0287
950,0288
951,0288
952,0289
953,0290
954,0290
955,0291
956,0292
957,0292
958,0293
959,0293
960,0293
961,0293
962,0294
963,0297
964,0298
965,0299
966,0300
967,0301
968,0301
969,0302
970,0303
971,0303
972,0303
973,0304
974,0304
975,0305
976,0306
977,0306
978,0307
979,0307
980,0309
981,0311
982,0312
983,0313
984,0314
985,0314
986,0315
987,0315
988,0316
989,0316
990,0318
991,0318
992,0318
993,0319
994,0321
995,0322
996,0322
997,0323
998,0323
999,0323
1000,0324
1001,0324
1002,0326
1003,0326
1004,0327
1005,0328
1006,0328
1007,0328
1008,0330
1009,0334
1010,0334
1011,0334
1012,0335
1013,0335
1014,0335
1015,0336
1016,0336
1017,0336
1018,0337
1019,0339
1020,0340
1021,0340
1022,0340
1023,0340
1024,0341
1025,0341
1026,0341
1027,0341
1028,0341
1029,0342
1030,0342
1031,0342
1032,0342
1033,0342
1034,0342
1035,0343
1036,0343
1037,0343
1038,0343
1039,0343
1040,0343
1041,0344
1042,0344
1043,0344
1044,0344
1045,0345
1046,0345
1047,0346
1048,0347
1049,0348
1050,0349
1051,0350
1052,0350
1053,0351
1054,0352
1055,0353
1056,0353
1057,0354
1058,0354
1059,0354
1060,0355
1061,0356
1062,0359
1063,0360
1064,0360
1065,0362
1066,0362
1067,0363
1068,0364
1069,0364
1070,0364
1071,0365
1072,0365
1073,0365
1074,0365
1075,0366
1076,0366
1077,0366
1078,0367
1079,0368
1080,0369
1081,0369
1082,0371
1083,0371
1084,0373
1085,0373
1086,0374
1087,0374
1088,0375
1089,0375
1090,0375
1091,0375
1092,0375
1093,0376
1094,0376
1095,0376
1096,0376
1097,0377
1098,0377
1099,0377
1100,0378
1101,0378
1102,0379
1103,0379
1104,0380
1105,0380
1106,0380
1107,0381
1108,0381
1109,0381
1110,0381
1111,0382
1112,0382
1113,0382
1114,0383
1115,0383
1116,0383
1117,0385
1118,0385
1119,0385
1120,0386
1121,0386
1122,0386
1123,0387
1124,0387
1125,0387
1126,0387
1127,0387
1128,0388
1129,0389
1130,0390
1131,0390
1132,0390
1133,0390
1134,0391
1135,0391
1136,0391
1137,0391
1138,0391
1139,0394
1140,0394
1141,0395
1142,0395
1143,0395
1144,0396
1145,0396
1146,0396
1147,0397
1148,0398
1149,0398
1150,0398
1151,0399
1152,0399
1153,0399
1154,0399
1155,0400
1156,0400
1157,0400
1158,0401
1159,0401
1160,0401
1161,0402
1162,0404
1163,0406
1164,0409
1165,0409
1166,0410
1167,0411
1168,0413
1169,0414
1170,0414
1171,0421
1172,0421
1173,0423
1174,0423
1175,0424
1176,0424
1177,0425
1178,0426
1179,0427
1180,0428
1181,0428
1182,0429
1183,0429
1184,0430
1185,0431
1186,0431
1187,0432
1188,0433
1189,0435
1190,0438
1191,0438
1192,0440
1193,0440
1194,0440
1195,0441
1196,0442
1197,0443
1198,0443
1199,0444
1200,0444
1201,0445
1202,0445
1203,0446
1204,0447
1205,0448
1206,0449
1207,0451
1208,0451
1209,0455
1210,0459
1211,0459
1212,0465
1213,0465
1214,0466
1215,0466
1216,0469
1217,0469
1218,0471
1219,0472
1220,0472
1221,0473
1222,0475
1223,0476
1224,0476
1225,0477
1226,0478
1227,0479
1228,0479
1229,0479
1230,0480
1231,0480
1232,0481
1233,0483
1234,0483
1235,0484
1236,0484
1237,0484
1238,0484
1239,0484
1240,0485
1241,0485
1242,0485
1243,0485
1244,0486
1245,0486
1246,0486
1247,0486
1248,0486
1249,0487
1250,0487
1251,0487
1252,0487
1253,0488
1254,0488
1255,0488
1256,0488
1257,0488
1258,0489
1259,0489
1260,0489
1261,0489
1262,0489
1263,0490
1264,0490
1265,0490
1266,0490
1267,0490
1268,0491
1269,0491
1270,0491
1271,0491
1272,0492
1273,0492
1274,0492
1275,0492
1276,0492
1277,0493
1278,0493
1279,0493
1280,0494
1281,0494
1282,0494
1283,0494
1284,0495
1285,0495
1286,0495
1287,0495
1288,0495
1289,0496
1290,0496
1291,0496
1292,0496
1293,0496
1294,0497
1295,0497
1296,0497
1297,0497
1298,0497
1299,0498
1300,0498
1301,0498
1302,0498
1303,0498
1304,0498
1305,0498
1306,0498
1307,0498
1308,0498
1309,0498
1310,0498
1311,0499
1312,0499
1313,0499
1314,0499
1315,0499
1316,0499
1317,0499
1318,0499
1319,0499
1320,0499
1321,0499
1322,0499
1323,0499
1324,0500
1325,0500
1326,0500
1327,0500
1328,0500
1329,0500
1330,0500
1331,0500
1332,0500
1333,0500
1334,0500
1335,0501
1336,0501
1337,0501
1338,0501
1339,0501
1340,0501
1341,0502
1342,0503
1343,0503
1344,0503
1345,0504
1346,0505
1347,0506
1348,0506
1349,0507
1350,0507
1351,0508
1352,0508
1353,0509
1354,0509
1355,0510
1356,0510
1357,0510
1358,0510
1359,0511
1360,0512
1361,0513
1362,0514
1363,0514
1364,0514
1365,0516
1366,0517
