258,0001
259,0010
260,0016
261,0019
262,0022
263,0027
264,0030
265,0033
266,0036
267,0040
268,0049
269,0054
270,0059
271,0063
272,0066
273,0070
274,0074
275,0080
276,0082
277,0089
278,0099
279,0103
280,0110
280,0116
282,0123
283,0128
284,0132
285,0135
286,0140
287,0144
288,0148
289,0152
290,0155
291,0164
292,0167
293,0170
294,0174
295,0177
296,0181
296,0184
298,0189
299,0197
300,0200
301,0203
302,0210
303,0214
304,0218
305,0221
306,0225
307,0230
308,0236
309,0241
310,0249
311,0252
312,0257
313,0263
314,0268
315,0272
316,0277
317,0282
318,0304
319,0308
320,0313
321,0319
322,0321
