1,0001
2,0002
3,0003
4,0003
5,0004
6,0004
7,0005
8,0005
9,0005
10,0006
11,0007
12,0007
13,0008
14,0008
15,0008
16,0009
17,0009
18,0009
19,0009
20,0009
21,0010
22,0011
23,0012
24,0012
25,0013
26,0013
27,0013
28,0013
29,0014
30,0014
31,0014
32,0015
33,0015
34,0015
35,0017
36,0017
37,0018
38,0018
39,0018
40,0019
41,0020
42,0021
43,0021
44,0022
45,0022
46,0023
47,0024
48,0024
49,0024
50,0024
51,0025
52,0026
53,0027
54,0027
55,0028
56,0029
57,0029
58,0029
59,0029
60,0030
61,0030
62,0030
63,0032
64,0033
65,0034
66,0035
67,0036
68,0036
69,0036
70,0037
71,0037
72,0037
73,0038
74,0040
75,0040
76,0041
77,0041
78,0042
79,0042
80,0044
81,0045
82,0045
83,0045
84,0047
85,0048
86,0048
87,0048
88,0048
89,0050
90,0051
91,0051
92,0051
93,0052
94,0052
95,0052
96,0052
97,0053
98,0053
99,0053
100,0053
101,0055
102,0057
103,0058
104,0058
105,0060
106,0060
107,0060
108,0061
109,0061
110,0062
111,0064
112,0064
113,0066
114,0066
115,0066
116,0066
117,0068
118,0068
119,0068
120,0069
121,0069
122,0069
123,0070
124,0070
125,0071
126,0071
127,0071
128,0072
129,0073
130,0073
131,0073
132,0073
133,0073
134,0074
135,0074
136,0075
137,0076
138,0076
139,0077
140,0077
141,0078
142,0078
143,0078
144,0079
145,0079
146,0080
147,0081
148,0081
149,0082
150,0082
151,0082
152,0083
153,0083
154,0085
155,0087
156,0087
157,0089
158,0090
159,0090
160,0090
161,0091
162,0092
163,0093
164,0093
165,0093
166,0094
167,0094
168,0095
169,0095
170,0095
171,0095
172,0097
173,0098
174,0099
175,0099
176,0100
177,0103
178,0103
179,0104
180,0104
181,0105
182,0107
183,0108
184,0110
185,0110
186,0112
187,0112
188,0112
189,0112
190,0115
191,0115
192,0115
193,0115
194,0116
195,0116
196,0116
197,0116
198,0118
199,0118
200,0118
201,0118
202,0118
203,0119
204,0119
205,0119
206,0120
207,0120
208,0120
209,0120
210,0121
211,0121
212,0121
213,0122
214,0122
215,0122
216,0123
217,0125
218,0126
219,0127
220,0128
221,0128
222,0128
223,0129
224,0129
225,0131
226,0132
227,0134
228,0135
229,0135
230,0135
231,0135
232,0136
233,0138
234,0138
235,0138
236,0138
237,0139
238,0139
239,0139
240,0140
241,0140
242,0140
243,0141
244,0141
245,0141
246,0142
247,0142
248,0143
249,0146
250,0146
251,0147
252,0147
253,0148
254,0148
255,0148
256,0149
257,0151
258,0152
259,0152
260,0154
261,0155
262,0155
263,0156
264,0156
265,0156
266,0156
267,0157
268,0159
269,0159
270,0159
271,0160
272,0160
273,0160
274,0161
275,0161
276,0161
277,0164
278,0164
279,0165
280,0165
281,0168
282,0168
283,0169
284,0171
285,0173
286,0173
287,0176
288,0178
289,0178
290,0180
291,0180
292,0180
293,0180
294,0181
295,0182
296,0182
297,0183
298,0183
299,0184
300,0184
301,0185
302,0185
303,0186
304,0186
305,0186
306,0187
307,0187
308,0187
309,0188
310,0188
311,0188
312,0189
313,0189
314,0190
315,0190
316,0191
317,0192
318,0192
319,0192
320,0192
321,0192
322,0193
323,0194
324,0195
325,0195
326,0196
327,0197
328,0197
329,0198
330,0198
331,0198
332,0199
333,0199
334,0200
335,0203
336,0203
337,0204
338,0204
339,0205
340,0205
341,0206
342,0206
343,0206
344,0207
345,0208
346,0208
347,0208
348,0209
349,0209
350,0210
351,0210
352,0210
353,0210
354,0210
355,0211
356,0211
357,0211
358,0211
359,0212
360,0213
361,0213
362,0214
363,0215
364,0215
365,0215
366,0216
367,0216
368,0216
369,0216
370,0217
371,0217
372,0219
373,0220
374,0221
375,0222
376,0224
377,0224
378,0224
379,0225
380,0225
381,0227
382,0227
383,0227
384,0229
385,0231
386,0232
387,0233
388,0233
389,0233
390,0233
391,0235
392,0235
393,0235
394,0236
395,0236
396,0237
397,0237
398,0237
399,0237
400,0239
401,0239
402,0239
403,0239
404,0240
405,0240
406,0240
407,0240
408,0241
409,0243
410,0244
411,0245
412,0247
413,0247
414,0248
415,0248
416,0248
417,0249
418,0249
419,0250
420,0251
421,0252
422,0253
423,0253
424,0253
425,0254
426,0254
427,0256
428,0257
429,0257
430,0257
431,0258
432,0259
433,0260
434,0260
435,0261
436,0262
437,0262
438,0262
439,0263
440,0263
441,0263
442,0263
443,0264
444,0266
445,0268
446,0270
447,0270
448,0272
449,0273
450,0273
451,0274
452,0274
453,0275
454,0275
455,0277
456,0278
457,0279
458,0279
459,0279
460,0280
461,0282
462,0282
463,0283
464,0284
465,0284
466,0285
467,0286
468,0286
469,0287
470,0287
471,0287
472,0288
473,0288
474,0288
475,0288
476,0289
477,0289
478,0290
479,0290
480,0292
481,0292
482,0292
483,0293
484,0294
485,0294
486,0294
487,0296
488,0296
489,0296
490,0296
491,0297
492,0297
493,0297
494,0297
495,0297
496,0299
497,0300
498,0301
499,0302
500,0303
501,0303
502,0304
503,0304
504,0304
505,0306
506,0306
507,0308
508,0308
509,0308
510,0308
511,0309
512,0309
513,0310
514,0310
515,0310
516,0311
517,0311
518,0312
519,0312
520,0313
521,0313
522,0313
523,0313
524,0314
525,0315
526,0316
527,0317
528,0318
529,0318
530,0318
531,0319
532,0319
533,0319
534,0319
535,0320
536,0321
537,0322
538,0322
539,0322
540,0323
541,0323
542,0324
543,0324
544,0325
545,0325
546,0326
547,0328
548,0328
549,0328
550,0328
551,0329
552,0329
553,0330
554,0330
555,0331
556,0331
557,0331
558,0331
559,0331
560,0332
561,0332
562,0332
563,0333
564,0333
565,0334
566,0334
567,0335
568,0335
569,0336
570,0336
571,0337
572,0337
573,0337
574,0337
575,0337
576,0339
577,0340
578,0341
579,0342
580,0343
581,0343
582,0344
583,0344
584,0345
585,0346
586,0346
587,0347
588,0347
589,0348
590,0348
591,0348
592,0348
593,0349
594,0349
595,0349
596,0350
597,0352
598,0352
599,0353
600,0354
601,0355
602,0356
603,0357
604,0358
605,0358
606,0359
607,0359
608,0359
609,0359
610,0361
611,0362
612,0362
613,0363
614,0363
615,0364
616,0364
617,0364
618,0365
619,0365
620,0365
621,0365
622,0366
623,0368
624,0369
625,0371
626,0373
627,0374
628,0374
629,0375
630,0376
631,0376
632,0378
633,0378
634,0378
635,0378
636,0379
637,0379
638,0380
639,0382
640,0382
641,0383
642,0384
643,0386
644,0387
645,0388
646,0388
647,0388
648,0388
649,0390
650,0390
651,0390
652,0391
653,0392
654,0392
655,0392
656,0392
657,0393
658,0395
659,0397
660,0399
661,0401
662,0402
663,0402
664,0403
665,0403
666,0405
667,0405
668,0407
669,0407
670,0407
671,0407
672,0408
673,0408
674,0409
675,0410
676,0410
677,0411
678,0411
679,0411
680,0411
681,0411
682,0412
683,0412
684,0412
685,0415
686,0417
687,0420
688,0422
689,0423
690,0423
691,0423
692,0425
693,0426
694,0426
695,0426
696,0427
697,0427
698,0428
699,0429
700,0431
701,0432
702,0432
703,0433
704,0434
705,0434
706,0437
707,0437
708,0437
709,0438
710,0438
711,0438
712,0438
713,0438
714,0439
715,0439
716,0439
717,0439
718,0442
719,0443
720,0443
721,0444
722,0445
723,0446
724,0446
725,0447
726,0447
727,0448
728,0448
729,0449
730,0449
731,0450
732,0451
733,0451
734,0451
735,0451
736,0452
737,0452
738,0452
739,0454
740,0455
741,0457
742,0459
743,0459
744,0460
745,0460
746,0461
747,0462
748,0463
749,0463
750,0463
751,0464
752,0465
753,0465
754,0465
755,0467
756,0467
757,0468
758,0468
759,0468
760,0469
761,0470
762,0470
763,0471
764,0471
765,0472
766,0472
767,0472
768,0472
769,0472
770,0474
771,0475
772,0476
773,0478
774,0479
775,0480
776,0480
777,0481
778,0481
779,0482
780,0483
781,0483
782,0483
783,0484
784,0484
785,0484
786,0485
787,0485
788,0486
789,0486
790,0487
791,0487
792,0487
793,0488
794,0488
795,0488
796,0488
797,0489
798,0489
799,0490
800,0491
801,0492
802,0494
803,0494
804,0495
805,0495
806,0495
807,0496
808,0497
809,0497
810,0498
811,0498
812,0498
813,0499
814,0499
815,0500
816,0500
817,0500
818,0501
819,0501
820,0502
821,0502
822,0503
823,0503
824,0503
825,0504
826,0504
827,0504
828,0504
829,0505
830,0506
831,0507
832,0507
833,0509
834,0509
835,0510
836,0510
837,0511
838,0511
839,0511
840,0511
841,0512
842,0512
843,0513
844,0514
845,0515
846,0516
847,0517
848,0518
849,0518
850,0519
851,0519
852,0519
853,0520
854,0520
855,0520
856,0520
857,0521
858,0521
859,0521
860,0521
861,0522
862,0522
863,0522
864,0523
865,0523
866,0524
867,0525
868,0526
869,0527
870,0528
871,0528
872,0529
873,0529
874,0530
875,0530
876,0531
